0.00006509
0.00005137
0.00000073
0.00000012
0.00000112
0.00005172
0.00036662
0.00004668
0.00000118
0.00000189
0.00000903
0.00003696
0.00000109
0.00000002
0.00011772
0.00017211
0.00007277
0.00005234
0.00000006
0.00000466
0.00000005
0.00006310
0.00006277
0.00010266
0.00002077
0.00000237
0.00000000
0.00022264
0.00004665
0.00006137
0.00004645
0.00000001
0.00002179
0.00028169
0.00007869
0.00003505
0.00000004
0.00008251
0.00006219
0.00003563
0.00001209
0.00003874
0.00000312
0.00008633
0.00003118
0.00001007
0.00005563
0.00013609
0.00128570
0.00003194
0.00002225
0.00002931
0.00008232
0.00000001
0.00000453
0.00002473
0.00006176
0.00008578
0.00004674
0.00002254
0.00006554
0.00009936
0.00004237
0.00000015
0.00006905
0.00001193
0.00000003
0.00000001
0.00003742
0.00078402
0.00000055
0.00000972
0.00003704
0.00000890
0.00003207
0.00000179
0.00003651
0.00003402
0.00008656
0.00003897
0.00012983
0.00000786
0.00002766
0.00008975
0.00040022
0.00004485
0.00000036
0.00005179
0.00002996
0.00000002
0.00041873
0.00015126
0.00008250
0.00002322
0.00000438
0.00006573
0.00015220
0.00000049
0.00001432
0.00003990
0.00028314
0.00004192
0.00032272
0.00001336
0.00004328
0.00000003
0.00004129
0.00004191
0.00006319
0.00000007
0.00005478
0.00002493
0.00009485
0.00002709
0.00007844
0.00006340
0.00000000
0.00006038
0.00003110
0.00002801
0.00004949
0.00004983
0.00000042
0.00018079
0.00002248
0.00004336
0.00000032
0.00000126
0.00002545
0.00001440
0.00038968
0.00000268
0.00002121
0.00000431
0.00000318
0.00006036
0.00005265
0.00000012
0.00005699
0.00007898
0.00002618
0.00038860
0.00007193
0.00001368
0.00005217
0.00255279
0.00001873
0.00009260
0.00009603
0.00003075
0.00019692
0.00000643
0.00000100
0.00009343
0.00000494
0.00000370
0.00008998
0.00017011
0.00002166
0.00007574
0.00007917
0.00054172
0.00002937
0.00007299
0.00002689
0.00000402
0.00015327
0.00000407
0.00006805
0.00002806
0.00006322
0.00004927
0.00002459
0.00005829
0.00004192
0.00005448
0.00028892
0.00010513
0.00011778
0.00026848
0.00000448
0.00003151
0.00005441
0.00031732
0.00000000
0.00005656
0.00000074
0.00015946
0.00003669
0.00001130
0.00000001
0.00024407
0.00008884
0.00178742
0.00011574
0.00006668
0.00007640
0.00006050
0.00016128
0.00011041
0.00011054
0.00006404
0.00768123
0.00001282
0.00006935
0.00009910
0.00002280
0.00010747
0.00001510
0.00029154
0.00000144
0.00005034
0.00015060
0.00004588
0.00003052
0.00000001
0.00005226
0.00015526
0.00000000
0.00004293
0.00001996
0.00000715
0.00005916
0.00006640
0.00012399
0.00004454
0.00090502
0.00005149
0.00015518
0.00004300
0.00002917
0.00005569
0.00000762
0.00000024
0.00154324
0.00007324
0.00009588
0.00009864
0.00007354
0.00000000
0.00000137
0.00003650
0.00009875
0.00005315
0.00038098
0.00181714
0.00010891
0.00000198
0.00003621
0.00022608
0.00004950
0.00003176
0.00002304
0.00013720
0.00001328
0.00007700
0.00015497
0.00011016
0.00089004
0.00001745
0.00056116
0.00001430
0.00002410
0.00008082
0.00006933
0.00000093
0.00000127
0.00000826
0.00004113
0.00003425
0.00025492
0.00041503
0.00005520
0.00005539
0.00016058
0.00000000
0.00006288
0.00010580
0.00006791
0.00004302
0.00001026
0.00065219
0.00004699
0.00004356
0.00004552
0.00004108
0.00016951
0.00002520
0.00008764
0.00008570
0.00000220
0.00000519
0.00008269
0.00004198
0.00001194
0.00000612
0.00007686
0.00018516
0.00480247
0.00000680
0.00011720
0.00006608
0.00000894
0.00166294
0.00000091
0.00008875
0.00005302
0.00007566
0.00024051
0.00078051
0.00001462
0.00006790
0.00004948
0.00007995
0.00001745
0.00004431
0.00004766
0.00003358
0.00000024
0.00005447
0.00000665
0.00003999
0.00000685
0.00000118
0.00014256
0.00000371
0.00021099
0.00000973
0.00006083
0.00003865
0.00016642
0.00008517
0.00000054
0.00010467
0.00000274
0.00000162
0.00000063
0.00002058
0.00003901
0.00006035
0.00004479
0.00040964
0.00000757
0.00000000
0.00003969
0.00001588
0.00000776
0.00001409
0.00004568
0.00008058
0.00014755
0.00007996
0.00005874
0.00000000
0.00005325
0.00013752
0.00000110
0.00004166
0.00011528
0.00128458
0.00005826
0.00004207
0.00001791
0.00013187
0.00007231
0.00000429
0.00001375
0.00005553
0.00007075
0.00000860
0.00004556
0.00004034
0.00005711
0.00000027
0.00004772
0.00000267
0.00006144
0.00028975
0.00016214
0.00003569
0.00021208
0.00006784
0.00004536
0.00007190
0.00003534
0.00006736
0.00054255
0.00004793
0.00004076
0.00000607
0.00004216
0.00018567
0.00006488
0.00001627
0.00005584
0.00000136
0.00006083
0.00022489
0.00000169
0.00005026
0.00008872
0.00065587
0.00005436
0.00003160
0.00444048
0.00031533
0.00000026
0.00008441
0.00000000
0.00008155
0.00006468
0.00014512
0.00022681
0.00014065
0.00000709
0.00008724
0.00005688
0.00000001
0.00003679
0.00002886
0.00011026
0.00005158
0.00014089
0.00030697
0.00000058
0.00002221
0.00007605
0.00003719
0.00003897
0.00002311
0.00007611
0.00003849
0.00000551
0.00001388
0.00006422
0.00036513
0.00005329
0.00012267
0.00000552
0.00004177
0.00032917
0.00000050
0.00132291
0.00009297
0.00000159
0.00003475
0.00005791
0.00060014
0.00000070
0.00000000
0.00047767
0.00000501
0.00009128
0.00009145
0.00006191
0.00005770
0.00115289
0.00004404
0.00002293
0.00004421
0.00006831
0.00000014
0.00004646
0.00010125
0.00000091
0.00000109
0.00002511
0.00002953
0.00004983
0.00012056
0.00004418
0.00001269
0.00002541
0.00004410
0.00007586
0.00000127
0.00004548
0.00001636
0.00380252
0.00017015
0.00007199
0.00004982
0.00052527
0.00002868
0.00003716
0.00002166
0.00048610
0.00013437
0.00005774
0.00010268
0.00004345
0.00004740
0.00007549
0.00007507
0.00027101
0.00025875
0.00006851
0.00016110
0.00005390
0.00008702
0.00000201
0.00001689
0.00002797
0.00007854
0.00004675
0.00016577
0.00005456
0.00006212
0.00004003
0.00005929
0.00000322
0.00028572
0.00000000
0.00001960
0.00007773
0.00013902
0.00009796
0.00004238
0.00004883
0.00000535
0.00005949
0.00004663
0.00000737
0.00000080
0.00072125
0.00015956
0.00000192
0.00005057
0.00015029
0.00003859
0.00005053
0.00004184
0.00000553
0.00001157
0.00003155
0.00002185
0.00007383
0.00005337
0.00003028
0.00027569
0.00010003
0.00011782
0.00018530
0.00008749
0.00002952
0.00008552
0.00003199
0.00003314
0.00004290
0.00000125
0.00000000
0.00002831
0.00002315
0.00000001
0.00005662
0.00009703
0.00007208
0.00007019
0.00002667
0.00245342
0.00000051
0.00000242
0.00003968
0.00001254
0.00005682
0.00002726
0.00000479
0.00009824
0.00000221
0.00002024
0.00004312
0.00283627
0.00009349
0.00004152
0.00005638
0.00000000
0.00002211
0.00003381
0.00004372
0.00191575
0.00000000
0.00045887
0.00004470
0.00005535
0.00007124
0.00000461
0.00002004
0.00006726
0.00008539
0.00005313
0.00006496
0.00005444
0.00004968
0.00000059
0.00001592
0.00002175
0.00122517
0.00019584
0.00003087
0.00005474
0.00005372
0.00068064
0.00000121
0.00000000
0.00004504
0.00004571
0.00003871
0.00082946
0.00006528
0.00000676
0.00081928
0.00004241
0.00008023
0.00000001
0.00002724
0.00008039
0.00031775
0.00006466
0.00019144
0.00008652
0.00005828
0.00006404
0.00000116
0.00000147
0.00001245
0.00002462
0.00032432
0.00000603
0.00003490
0.00004564
0.00001410
0.00007637
0.00000837
0.00005931
0.00000419
0.00000000
0.00077947
0.00009688
0.00003388
0.00109281
0.00004312
0.00004687
0.00001043
0.00000053
0.00019537
0.00003292
0.00009541
0.00002268
0.00033474
0.00001602
0.00008180
0.00001620
0.00000030
0.00000034
0.00007444
0.00004984
0.00071175
0.00004408
0.00006469
0.00002337
0.00006349
0.00019399
0.00008877
0.00001633
0.00002840
0.00007030
0.00015054
0.00000276
0.00007492
0.00000002
0.00002764
0.00006503
0.00035841
0.00004480
0.00005460
0.00000069
0.00001750
0.00000663
0.00008977
0.00010288
0.00000042
0.00003977
0.00005031
0.00007600
0.00003142
0.00026901
0.00008369
0.00002956
0.00006908
0.00022259
0.00000117
0.00002158
0.00000085
0.00010494
0.00005278
0.00005866
0.00007520
0.00001947
0.00058163
0.00023802
0.00005430
0.00000508
0.00000240
0.00003336
0.00856170
0.00002685
0.00005360
0.00005447
0.00000392
0.00005750
0.00004725
0.00001796
0.00068533
0.00006113
0.00015742
0.00002315
0.00004613
0.00001358
0.00000000
0.00006096
0.00121691
0.00003678
0.00080112
0.01698051
0.00026060
0.00004596
0.00007393
0.00298408
0.00002974
0.00007108
0.00000143
0.00010413
0.00008906
0.00003271
0.00009077
0.00009719
0.00009008
0.00007470
0.00008268
0.00013462
0.00000001
0.00000385
0.00005968
0.00016246
0.00007121
0.00029109
0.00005001
0.00002910
0.00002002
0.00000255
0.00006420
0.00000143
0.00003864
0.00005022
0.00007257
0.00080468
0.00003001
0.00009446
0.00001700
0.00005274
0.00007146
0.00000025
0.00003853
0.00003945
0.00000001
0.00005276
0.00006334
0.00000731
0.00005216
0.00003167
0.00000000
0.00027528
0.00003591
0.00004444
0.00001720
0.00000028
0.00025925
0.00003250
0.00000250
0.00005184
0.00002750
0.00019720
0.00000474
0.00014352
0.00000528
0.00006605
0.00005131
0.00000000
0.00008815
0.00003513
0.00001488
0.00004266
0.00003124
0.00000000
0.00005079
0.00012890
0.00016241
0.00005354
0.00000690
0.00008497
0.00005717
0.00018642
0.00010396
0.00008303
0.00005240
0.00003441
0.00004973
0.00002043
0.00006706
0.00012823
0.00004497
0.00007557
0.00013958
0.00000481
0.00096143
0.00005061
0.00005337
0.00000621
0.00000098
0.00002366
0.00002579
0.00000536
0.00002161
0.00000210
0.00011874
0.00007188
0.00004590
0.00008170
0.00001944
0.00012385
0.00005080
0.00005343
0.00000001
0.00007267
0.00000000
0.00049176
0.00001970
0.00002989
0.00002262
0.00006366
0.00000124
0.00000043
0.00015679
0.00006536
0.00007693
0.00114970
0.00007221
0.00003852
0.00004782
0.00021640
0.00579585
0.00013286
0.00021817
0.00051264
0.00000542
0.00009846
0.00013230
0.00003878
0.00009869
0.00166562
0.00000079
0.00008759
0.00004504
0.00337660
0.00004856
0.00009576
0.00005025
0.00004986
0.00006504
0.00006249
0.00008038
0.00011276
0.00007311
0.00005988
0.00001428
0.00010058
0.00004997
0.00010240
0.00000133
0.00000028
0.00008231
0.00004837
0.00003161
0.00006915
0.00010524
0.00004344
0.00014590
0.00014293
0.00004589
0.00005052
0.00010136
0.00003006
0.00000021
0.00004005
0.00003247
0.00000002
0.00007106
0.00000134
0.00014158
0.00010930
0.00002134
0.00001916
0.00000130
0.00005975
0.00000006
0.00024870
0.00010585
0.00004934
0.00002234
0.00001999
0.00000010
0.00014947
0.00110345
0.00012935
0.00004806
0.00001569
0.00000416
0.00000341
0.00000569
0.00001594
0.00002389
0.00003299
0.00003146
0.00002347
0.00009466
0.00004209
0.00005222
0.00000690
0.00040764
0.00009538
0.00017672
0.00049569
0.00003885
0.00000641
0.00004870
0.00006291
0.00055879
0.00003120
0.00000401
0.00003718
0.00006576
0.00000024
0.00001060
0.00000000
0.00001285
0.00000940
0.00008902
0.00012328
0.00002456
0.00007919
0.00034743
0.00003243
0.00007592
0.00001614
0.00003283
0.00001348
0.00002067
0.00063479
0.00005704
0.00003968
0.00000064
0.00000000
0.00003466
0.00003813
0.00003886
0.00029717
0.00016326
0.00042097
0.00001182
0.00000001
0.00005902
0.00000001
0.00006221
0.00004818
0.00006691
0.00090002
0.00000018
0.00008818
0.00001247
0.00005854
0.00008373
0.00003230
0.00003331
0.00011898
0.00003410
0.00000077
0.00000325
0.00002786
0.00000000
0.00005333
0.00005312
0.00004107
0.00000144
0.00012173
0.00008524
0.00000037
0.00006819
0.00000586
0.00000458
0.00006893
0.00005703
0.00000003
0.00004986
0.00004931
0.00000473
0.00001685
0.00004014
0.00062779
0.00004061
0.00000034
0.00001675
0.00001631
0.00027615
0.00234364
0.00005164
0.00008091
0.00000060
0.00001490
0.00012960
0.00000090
0.00003381
0.00001883
0.00003849
0.00002617
0.00002644
0.00010552
0.00002801
0.00005536
0.00000341
0.00008816
0.00005023
0.00068114
0.00000084
0.00018171
0.00000746
0.00002390
0.00001322
0.00000882
0.00003154
0.00005740
0.00008858
0.00038320
0.00000010
0.00243066
0.00037897
0.00000918
0.00009381
0.00008744
0.00015131
0.00007522
0.00016684
0.00004505
0.00020439
0.00000000
0.00008276
0.00009676
0.00015887
0.00013598
0.00007953
0.00000000
0.00031258
0.00008051
0.00011103
0.00154925
0.00004275
0.00011065
0.00062212
0.00000691
0.00000636
0.00000410
0.00006690
0.00002635
0.00004775
0.00011032
0.00005428
0.00006187
0.00005157
0.00004553
0.00023998
0.00004267
0.00006772
0.00004460
0.00011453
0.00002825
0.00001118
0.00002292
0.00003010
0.00006225
0.00003054
0.00061026
0.00000802
0.00004293
0.00001301
0.00006633
0.00000217
0.00030990
0.00027375
0.00009030
0.00000361
0.00001864
0.00003653
0.00023482
0.00009676
0.00005337
0.00006885
0.00000360
0.00004911
0.00001228
0.00000000
0.00003536
0.00005537
0.00000058
0.00002622
0.00009785
0.00003671
0.00063548
0.00000231
0.00006253
0.00003662
0.00002157
0.00003943
0.00003517
0.00003712
0.00011037
0.00000119
0.00020121
0.00022545
0.00792062
0.00005552
0.00000937
0.00006510
0.00008324
0.00008643
0.00008020
0.00003285
0.00081390
0.00709544
0.00010356
0.00005196
0.00004188
0.00157910
0.00003510
0.00005334
0.00050726
0.00006508
0.00028997
0.00001699
0.00004008
0.00005864
0.00004494
0.00012656
0.00003856
0.00007551
0.00001693
0.00001151
0.00006768
0.00000044
0.00002500
0.00000258
0.00000047
0.00000107
0.00008095
0.00005664
0.00008140
0.00081309
0.00085966
0.00003910
0.00007850
0.00004221
0.00013832
0.00000000
0.00002823
0.00000026
0.00011690
0.00006573
0.00001269
0.00020800
0.00005229
0.00003790
0.00027042
0.00173625
0.00003936
0.00039688
0.00000262
0.00016178
0.00023152
0.00001097
0.00006237
0.00000004
0.00000735
0.00000004
0.00006076
0.00004727
0.00000102
0.00000003
0.00003264
0.00012487
0.00020351
0.00002050
0.00064352
0.00007345
0.00215514
0.00000000
0.00002387
0.00005205
0.00001189
0.00000000
0.00000045
0.00003739
0.00000119
0.00000426
0.00011664
0.00029701
0.00000226
0.00006885
0.00004616
0.00000001
0.00003701
0.00002974
0.00010643
0.00000024
0.00000859
0.00005372
0.00016976
0.00010398
0.00000107
0.00002397
0.00018638
0.00002804
0.00011576
0.00006261
0.00001394
0.00000171
0.00001056
0.00003947
0.00004430
0.00010893
0.00009291
0.00039782
0.00004710
0.00015779
0.00013169
0.00009029
0.00003804
0.00000317
0.00000067
0.00030935
0.00000186
0.00005133
0.00001660
0.00005886
0.00004842
0.00000000
0.00008429
0.00004459
0.00008038
0.00000001
0.00005326
0.00002067
0.00004764
0.00003794
0.00003320
0.00000014
0.00007294
0.00007872
0.00010989
0.00004435
0.00000823
0.00004354
0.00009185
0.00004419
0.00012369
0.00004383
0.00006813
0.00000000
0.00036688
0.00004664
0.00008306
0.00002945
0.00003245
0.00292171
0.00029514
0.00002139
0.00007351
0.00002916
0.00000012
0.00002896
0.00004109
0.00040387
0.00007190
0.00005329
0.00008984
0.00001830
0.00005268
0.00005377
0.00001405
0.00004865
0.00002450
0.00000001
0.00001665
0.00000524
0.00008361
0.00012841
0.00003828
0.00004292
0.00004666
0.00001906
0.00000371
0.00001274
0.00007116
0.00005230
0.00000903
0.00000759
0.00045325
0.00004776
0.00002210
0.00018163
0.00042372
0.00011321
0.00013885
0.00005829
0.00001449
0.00015990
0.00016823
0.00000327
0.00206075
0.00000046
0.00003178
0.00001051
0.00004873
0.00004002
0.00008903
0.00006146
0.00000750
0.00019328
0.00004971
0.00003759
0.01799646
0.00024523
0.00037550
0.00000001
0.00004525
0.00000014
0.00018335
0.00018827
0.00002280
0.00007562
0.00000462
0.00005550
0.00005281
0.00000322
0.00000211
0.00004535
0.00000000
0.00004361
0.00022285
0.00320326
0.00000000
0.00005776
0.00006803
0.00005277
0.00013566
0.00004986
0.00000620
0.00004632
0.00009870
0.00000031
0.00000116
0.00015344
0.00007518
0.00005696
0.00007266
0.00000295
0.00005841
0.00000011
0.00004976
0.00007698
0.00000000
0.00008019
0.00004537
0.00000004
0.00006322
0.00003919
0.00003742
0.00001369
0.00002911
0.00000000
0.00001875
0.00004762
0.00047806
0.00002555
0.00000975
0.00009782
0.00003651
0.00005834
0.00000002
0.00005958
0.00000234
0.00001657
0.00323081
0.00001407
0.00000175
0.00002670
0.00006125
0.00000030
0.00000012
0.00069787
0.00051381
0.00004489
0.00004411
0.00003729
0.00002817
0.00000394
0.00002509
0.00052358
0.00072443
0.00000627
0.00004328
0.00002693
0.00004839
0.00007458
0.00013162
0.00002772
0.00000000
0.00027468
0.00006225
0.00015263
0.00017452
0.00053523
0.00004422
0.00003013
0.00005748
0.00007269
0.00000162
0.00007642
0.00003173
0.00000003
0.00006156
0.00008947
0.00005486
0.00035529
0.00000295
0.00003083
0.00002819
0.00005770
0.00000288
0.00049195
0.00007026
0.00005750
0.00362275
0.00000000
0.00042442
0.00012474
0.00013798
0.00000309
0.00006401
0.00005637
0.00003929
0.00004575
0.00017693
0.00001696
0.00235091
0.00006244
0.00039341
0.00024540
0.00007513
0.00000023
0.00000000
0.00000040
0.00000000
0.00000012
0.00004639
0.00000000
0.00177445
0.00001549
0.00003296
0.00020290
0.00000436
0.00011469
0.00018213
0.00004038
0.00005005
0.00024687
0.00000482
0.00005169
0.00000441
0.00000022
0.00017153
0.00000082
0.00000204
0.00012775
0.00001828
0.00003950
0.00004378
0.00029106
0.00013452
0.00016855
0.00005672
0.00005213
0.00002600
0.00003955
0.00002134
0.00000000
0.00005360
0.00003550
0.00004267
0.00034153
0.00005288
0.00003442
0.00007564
0.00002789
0.00003336
0.00004114
0.00008709
0.00004010
0.00012694
0.00019025
0.00000048
0.00012422
0.00000000
0.00000994
0.00000094
0.00006474
0.00014463
0.00002624
0.00007317
0.00003093
0.00014493
0.00000006
0.00006467
0.00000864
0.00003232
0.00001378
0.00007814
0.00013885
0.00028788
0.00010020
0.00000000
0.00000000
0.00008666
0.00003265
0.00022546
0.00006681
0.00009726
0.00003862
0.00044615
0.00004655
0.00001189
0.00006826
0.00011148
0.00048559
0.00077909
0.00021841
0.00000104
0.00002645
0.00004155
0.00001070
0.00001606
0.00035648
0.00000081
0.00009262
0.00009280
0.00000028
0.00055721
0.00004365
0.00000059
0.00003809
0.00004864
0.00003284
0.00019048
0.00000795
0.00001430
0.00000612
0.00003604
0.00000114
0.00002012
0.00000601
0.00000531
0.00004508
0.00001515
0.00004086
0.00004495
0.00008729
0.00003971
0.00007563
0.00005600
0.00000946
0.00000306
0.00004382
0.00003727
0.00000033
0.00001448
0.00002993
0.00009023
0.00032513
0.00000845
0.00003587
0.00008225
0.00002892
0.00001545
0.00022444
0.00000000
0.00002816
0.00006281
0.00008017
0.00001424
0.00010993
0.00002001
0.00004206
0.00008485
0.00000073
0.00001445
0.00105460
0.00004361
0.00015584
0.00000697
0.00003094
0.00028706
0.00010366
0.00000311
0.00004878
0.00015890
0.00004623
0.00002640
0.00005140
0.00000032
0.00010288
0.01340187
0.00001543
0.00008298
0.00002970
0.00000001
0.00003269
0.00006709
0.00004938
0.00017775
0.00000001
0.00003281
0.00003714
0.00037890
0.00001235
0.00001695
0.00000029
0.00000080
0.00044267
0.00005936
0.00000787
0.00009235
0.00007838
0.00007590
0.00000729
0.00001585
0.00010552
0.00000210
0.00002336
0.00006724
0.00000397
0.00005280
0.00001390
0.00001174
0.00002931
0.00001166
0.00006343
0.00001065
0.00002697
0.00006517
0.00003721
0.00004028
0.00012937
0.00010435
0.00009037
0.00004834
0.00000032
0.00003241
0.00006206
0.00000493
0.00002666
0.00004352
0.00004064
0.00005995
0.00010026
0.00004747
0.00001756
0.00008114
0.00000619
0.00005580
0.00120765
0.00001317
0.00004928
0.00005553
0.00018561
0.00005824
0.00004113
0.00001562
0.00004937
0.00006864
0.00000800
0.00006718
0.00005170
0.00025990
0.00062432
0.00005656
0.00003036
0.00029858
0.00008026
0.00000001
0.00001386
0.00005460
0.00009986
0.00017263
0.00011871
0.00003021
0.00007860
0.00000695
0.00005340
0.00033513
0.00033389
0.00024359
0.00005559
0.00006645
0.00005615
0.00000132
0.00002168
0.00000390
0.00000560
0.00007776
0.00003887
0.00044271
0.00000002
0.00000096
0.00043346
0.00024244
0.00011480
0.00096949
0.00003335
0.00001879
0.00004488
0.00001174
0.00001716
0.00002611
0.00000092
0.00015586
0.00000999
0.00016821
0.00004745
0.00004601
0.00005776
0.00004501
0.00004436
0.00003072
0.00000004
0.00000001
0.00022304
0.00000000
0.00008912
0.00012071
0.00011351
0.00037136
0.00014163
0.00004232
0.00005469
0.00006313
0.00000003
0.00022308
0.00000000
0.00006861
0.00009948
0.00000074
0.00103226
0.00041865
0.00006158
0.00115846
0.00003098
0.00006344
0.00001810
0.00005621
0.00000000
0.00000312
0.00004074
0.00005966
0.00098178
0.00000001
0.00004905
0.00001450
0.00001360
0.00001324
0.02023313
0.00003551
0.00007667
0.00009844
0.00000716
0.00000143
0.00004775
0.00000000
0.00001005
0.00000144
0.00008357
0.00004596
0.00010238
0.00004810
0.00016051
0.00002464
0.00015403
0.00004858
0.00012032
0.00000738
0.00002019
0.00000814
0.00000419
0.00067990
0.00001785
0.00001165
0.00001912
0.00020386
0.00001631
0.00004645
0.00014865
0.00009787
0.00011715
0.00007763
0.00000285
0.00002146
0.00030625
0.00002192
0.00065641
0.00000001
0.00000003
0.00003519
0.00612643
0.00096013
0.00153958
0.00005724
0.00002775
0.00024378
0.00005671
0.00004593
0.00001104
0.00000548
0.00000897
0.00003380
0.00015805
0.00005536
0.00000893
0.00003685
0.00003753
0.00005347
0.00003626
0.00005921
0.00006150
0.00002159
0.00017432
0.00022504
0.00008882
0.00001275
0.00007364
0.00000689
0.00013599
0.00001531
0.00002560
0.00000043
0.00086415
0.00004641
0.00228040
0.00007041
0.00005418
0.00001979
0.00000123
0.00012802
0.00006164
0.00009724
0.00008868
0.00002226
0.00000035
0.00001378
0.00015546
0.00005560
0.00004656
0.00007808
0.00007930
0.00004588
0.00000002
0.00007541
0.00005076
0.00025144
0.00004815
0.00008639
0.00004049
0.00004966
0.00008929
0.00004504
0.00000627
0.01586398
0.00008927
0.00045569
0.00001456
0.00060708
0.00012492
0.00026143
0.00018751
0.00012764
0.00137907
0.00004667
0.00000021
0.00029931
0.00000181
0.00004013
0.00049815
0.00003058
0.00006135
0.00004884
0.00000026
0.00000000
0.00008094
0.00004091
0.00013976
0.00000074
0.00004901
0.00000000
0.00008516
0.00001261
0.00000026
0.00005228
0.00002264
0.00001597
0.00001423
0.00003629
0.00004718
0.00003719
0.00002593
0.00016912
0.00002896
0.00003377
0.00003046
0.00006176
0.00015979
0.00034081
0.00006022
0.00008962
0.00007257
0.00003080
0.00006105
0.00000004
0.00008201
0.00016320
0.00000029
0.00001241
0.00003473
0.00004268
0.00004087
0.00008844
0.00004694
0.00033071
0.00004985
0.00007199
0.00005505
0.00003837
0.00006444
0.00003907
0.00020358
0.00002150
0.00003605
0.00040770
0.00004545
0.00011912
0.00000241
0.00011416
0.00000000
0.00006246
0.00000022
0.00010415
0.00004857
0.00004764
0.00003151
0.00001613
0.00004119
0.00151549
0.00000962
0.00077208
0.00057729
0.00005993
0.00000003
0.00003858
0.00000952
0.00000033
0.00008528
0.00006988
0.00010777
0.00003594
0.00029194
0.00011378
0.00006005
0.00000253
0.00057869
0.00001839
0.00003870
0.00008570
0.00076379
0.00004797
0.00116137
0.00001574
0.00044604
0.00007188
0.00000230
0.00252686
0.00033180
0.00126149
0.00003870
0.00000418
0.00000006
0.00004415
0.00000000
0.00000217
0.00003747
0.00000017
0.00000738
0.00000021
0.00006929
0.00003168
0.00000379
0.00008211
0.00000003
0.00006652
0.00001216
0.00000000
0.00001905
0.00000410
0.00000001
0.00001360
0.00000358
0.00005151
0.00001068
0.00000361
0.00006381
0.00003431
0.00017054
0.00012594
0.00000109
0.00004254
0.00005722
0.00000011
0.00007590
0.00004944
0.00014916
0.00001864
0.00011465
0.00003968
0.00018113
0.00000108
0.00001485
0.00007703
0.00000196
0.00016211
0.00005309
0.00000002
0.00007347
0.00181236
0.00008284
0.00005453
0.00133058
0.00005248
0.00004072
0.00008336
0.00001098
0.00000115
0.00001732
0.00005665
0.00039697
0.00000186
0.00000000
0.00007190
0.00003527
0.00002778
0.00002782
0.00000016
0.00002611
0.01016365
0.00055813
0.00057807
0.00527303
0.00004304
0.00006615
0.00002230
0.00020130
0.00006222
0.00003803
0.00019357
0.00005281
0.00004280
0.00000307
0.00000032
0.00000755
0.00006272
0.00002700
0.00000815
0.00118932
0.00026175
0.00003983
0.00000034
0.00007540
0.00005309
0.00000319
0.00002060
0.00009041
0.00000856
0.00002367
0.00001735
0.00008677
0.00262295
0.00000000
0.00006723
0.00002844
0.00159465
0.00083676
0.00006347
0.00005226
0.00003814
0.00002117
0.00005796
0.00003956
0.00003255
0.00002493
0.00001572
0.00010371
0.00005953
0.00004772
0.00003984
0.00005240
0.00042351
0.00031480
0.00003978
0.00704741
0.00009876
0.00006803
0.00002044
0.00006542
0.00160846
0.00000735
0.00002005
0.00004524
0.00004116
0.00004261
0.00000002
0.00002853
0.00008018
0.00000972
0.00005158
0.00003843
0.00003900
0.00024279
0.00000083
0.00000881
0.00006776
0.00006639
0.00008290
0.00000301
0.00002716
0.00010144
0.00015047
0.00021339
0.00009852
0.00005395
0.00028652
0.00006725
0.00000957
0.00000024
0.00056420
0.00003545
0.00003906
0.00249454
0.00002698
0.00002793
0.00009945
0.00007286
0.00004181
0.00003090
0.00000004
0.00000143
0.00000475
0.00016956
0.00000110
0.00006940
0.00036403
0.00003685
0.00004594
0.00003003
0.00000000
0.00011351
0.00007584
0.00004059
0.00011600
0.00004292
0.00003613
0.00001152
0.00000130
0.00000071
0.00006804
0.00003257
0.00002388
0.00054378
0.00002383
0.00228964
0.00015931
0.00001634
0.00006484
0.00009851
0.00004977
0.00001432
0.00000016
0.00000368
0.00000000
0.00002832
0.00020005
0.00005754
0.00005271
0.00005598
0.00000714
0.00009090
0.00001794
0.00003451
0.00007696
0.00030984
0.00004949
0.00002255
0.00003957
0.00009501
0.00004319
0.00005331
0.00000019
0.00000479
0.00017753
0.00008408
0.00006537
0.00003861
0.00000460
0.00010427
0.00015312
0.00002457
0.00005739
0.00003161
0.00000679
0.00011945
0.00004219
0.00006065
0.00000568
0.00003325
0.00020807
0.00000742
0.00042125
0.00003349
0.00001480
0.00004340
0.00004495
0.00000184
0.00001845
0.00005284
0.00004991
0.00001955
0.00004158
0.00010246
0.00007963
0.00004720
0.00001498
0.00004795
0.00005380
0.00006844
0.00007314
0.00000188
0.00005924
0.00089714
0.00004747
0.00009162
0.00000004
0.00002947
0.00013603
0.00004471
0.00001994
0.00003465
0.00001524
0.00011139
0.00004497
0.00006799
0.00138254
0.00006271
0.00000709
0.00002338
0.00011414
0.00022929
0.00006007
0.00000056
0.00004131
0.00000100
0.00007182
0.00003888
0.00005643
0.00004674
0.00007451
0.00000047
0.00001131
0.00002897
0.00000193
0.00000534
0.00004911
0.00013610
0.00086183
0.00007250
0.00000206
0.00012221
0.00006018
0.00005365
0.00002631
0.00000567
0.00012676
0.00106717
0.00000485
0.00009604
0.00004281
0.00000017
0.00002955
0.00007937
0.00009138
0.00001308
0.00005927
0.00005219
0.00001480
0.00004825
0.00000311
0.00008010
0.00004205
0.00002988
0.00013969
0.00007706
0.00018805
0.00241870
0.00000738
0.00008684
0.00044767
0.00003448
0.00007036
0.00003324
0.00003029
0.00000283
0.00008387
0.00002986
0.00009080
0.00012380
0.00008098
0.00000360
0.00005055
0.00001702
0.00005417
0.00000005
0.00007944
0.00005679
0.00000000
0.01263745
0.00007956
0.00000000
0.00001360
0.00014365
0.00004397
0.00008650
0.00007434
0.01327534
0.00003651
0.00006380
0.00008824
0.00000148
0.00000010
0.00067862
0.00000000
0.00040156
0.00005893
0.00009894
0.00028660
0.00000680
0.00002886
0.00019802
0.00047964
0.00007843
0.00005963
0.00016388
0.00003760
0.00003094
0.00004970
0.00002862
0.00004499
0.00000001
0.00004333
0.00002442
0.00017009
0.00007809
0.00000000
0.00006074
0.00000192
0.00125636
0.00001538
0.00003619
0.00005480
0.00000527
0.00000081
0.00014511
0.00004493
0.00002240
0.00007947
0.00000133
0.00003596
0.00005738
0.00068642
0.00001159
0.00004966
0.00004468
0.00006025
0.00005461
0.00023443
0.00001349
0.00009455
0.00000307
0.00000040
0.00006515
0.00004776
0.00000000
0.00000112
0.00004956
0.00006533
0.00003500
0.00000403
0.00008054
0.00005773
0.00000007
0.00007332
0.00002086
0.00006328
0.00000634
0.00006574
0.00002447
0.00005204
0.00002479
0.00001802
0.00028279
0.00000000
0.00003386
0.00001548
0.00007183
0.00118481
0.00007921
0.00006501
0.00000061
0.00021495
0.00000152
0.00004360
0.00003634
0.00004331
0.00005940
0.00001230
0.00022409
0.00000000
0.00000001
0.00003799
0.00000067
0.00079972
0.00000527
0.00013029
0.00000065
0.00003020
0.00002753
0.00001220
0.00000158
0.00006686
0.00004711
0.00005195
0.00007163
0.00013625
0.00004639
0.00413166
0.00003976
0.00005758
0.00002095
0.00041243
0.00009664
0.00000348
0.00004539
0.00005465
0.00007222
0.00012111
0.00011437
0.00000000
0.00087911
0.00006523
0.00375520
0.00002963
0.00051689
0.00004987
0.00005365
0.00007319
0.00009056
0.00007082
0.00022564
0.00030300
0.00003785
0.00001887
0.00027798
0.00008927
0.00001455
0.00006284
0.00008201
0.00002488
0.00007407
0.00006176
0.00001750
0.00000322
0.00003735
0.00009807
0.00000000
0.00005407
0.00000999
0.00005781
0.00004613
0.00000000
0.00004761
0.00003942
0.00003698
0.00000086
0.00000000
0.00013561
0.00019588
0.00000008
0.00000103
0.00004859
0.00006149
0.00068993
0.01432215
0.00031948
0.00009995
0.00022041
0.00005571
0.00000169
0.00011392
0.00004563
0.00004711
0.00009587
0.00000096
0.00006595
0.00000094
0.00000075
0.00009177
0.00011160
0.00006069
0.00000000
0.00002035
0.00097087
0.00000019
0.01003653
0.00000085
0.00004707
0.00004172
0.00001962
0.00000000
0.00000000
0.00028695
0.00005501
0.00000550
0.00004121
0.00007971
0.00008361
0.00005558
0.00005796
0.00000149
0.00000001
0.00002728
0.00003923
0.00000401
0.00000023
0.00002933
0.00001854
0.00000000
0.00020341
0.00008682
0.00056300
0.00003932
0.00015393
0.00003883
0.00036036
0.00008948
0.00008133
0.00005672
0.00000580
0.00009236
0.00000000
0.00000004
0.00001802
0.00000000
0.00000135
0.00003471
0.00009590
0.00001530
0.00007254
0.00027609
0.00000044
0.00000003
0.00013491
0.00013098
0.00003995
0.00002601
0.00017060
0.00002036
0.00000379
0.00012881
0.00000671
0.00003217
0.00003988
0.00004850
0.00007813
0.00000040
0.00009066
0.00021528
0.00003036
0.00004883
0.00005809
0.00014765
0.00000018
0.00004639
0.00006743
0.00000441
0.00000000
0.00003134
0.00005971
0.00002618
0.00000717
0.00055538
0.00010384
0.00005772
0.00008693
0.00004186
0.00000000
0.00003676
0.00000036
0.00000678
0.00007988
0.00008616
0.00005429
0.00000049
0.00001133
0.00004066
0.00003405
0.00002453
0.00000297
0.00005327
0.00003839
0.00012975
0.00000111
0.00002574
0.00001562
0.00000784
0.00005027
0.00000066
0.00001825
0.00005670
0.00001876
0.00004748
0.00000000
0.00002679
0.00001018
0.00002180
0.00000399
0.00000525
0.00007050
0.00077193
0.00043723
0.00010283
0.00000128
0.00011048
0.00004382
0.00001271
0.00153998
0.00000001
0.00003471
0.00004175
0.00007464
0.00002596
0.00000103
0.00003043
0.00437084
0.00007632
0.00002460
0.00007124
0.00000031
0.00029518
0.00004798
0.00015025
0.00000092
0.00000831
0.00010036
0.00022765
0.00007582
0.00006024
0.00041881
0.00000013
0.00007220
0.00006784
0.00000382
0.00012739
0.00000000
0.00002357
0.00007073
0.00005168
0.00008080
0.00000756
0.00000000
0.00004041
0.00089043
0.00002282
0.00000005
0.00004564
0.00012368
0.00001496
0.01556480
0.00031966
0.00003933
0.00006884
0.00008472
0.00018669
0.00013654
0.00003197
0.00005461
0.00004558
0.00056521
0.00005702
0.00000600
0.00003914
0.00001918
0.00009383
0.00000122
0.00014702
0.00007210
0.00005194
0.00000018
0.00005712
0.00006662
0.00001990
0.00001678
0.00004060
0.00021475
0.00000641
0.00024076
0.00003393
0.00003576
0.00000910
0.00040863
0.00000002
0.00001412
0.00004491
0.00000520
0.00007668
0.00002752
0.00007239
0.00000001
0.00004329
0.00003493
0.00011319
0.00001231
0.00005453
0.00001304
0.00025485
0.00007272
0.00000971
0.00008850
0.00005361
0.00012311
0.00001241
0.00000172
0.00087961
0.00007112
0.00000841
0.00002305
0.00005112
0.00002652
0.00000156
0.00002530
0.00002764
0.00003705
0.00012712
0.00006977
0.00037145
0.00006537
0.00005476
0.00004651
0.00003166
0.00007188
0.00003626
0.00005496
0.00000000
0.00010002
0.00005957
0.00864035
0.00002148
0.00005987
0.00000047
0.00003159
0.00049734
0.00045657
0.00005015
0.00005013
0.00001006
0.00004187
0.00002905
0.00000007
0.00157659
0.00005741
0.00000188
0.00005668
0.01323364
0.00002895
0.00004226
0.00035495
0.00003685
0.00003236
0.00006145
0.00004864
0.00008290
0.00018525
0.00037443
0.00007864
0.01149999
0.00000297
0.00017726
0.00078844
0.00004189
0.00004153
0.00012460
0.00002023
0.00000094
0.00007041
0.00012187
0.00005385
0.00002306
0.00001587
0.00000000
0.00000034
0.00001917
0.00001605
0.00004978
0.00022360
0.00850728
0.00006618
0.00009926
0.00000071
0.00114175
0.00000060
0.00000000
0.00007662
0.00004426
0.00002974
0.00002448
0.00003245
0.00000000
0.00005567
0.00004027
0.00000008
0.00015420
0.00000018
0.00044477
0.00000007
0.00010217
0.00462626
0.00004260
0.00000138
0.00011962
0.00001935
0.00002585
0.00008922
0.00005388
0.00039731
0.00006894
0.00000774
0.00009494
0.00000089
0.00018532
0.00006557
0.00002352
0.00007016
0.00002860
0.00000025
0.00000558
0.00003017
0.00001541
0.00010648
0.00019309
0.00000001
0.00004302
0.00000444
0.00009300
0.00004079
0.00012331
0.00004688
0.00007784
0.00002670
0.00068932
0.00003575
0.00002999
0.00008385
0.00000044
0.00017943
0.00016487
0.00000103
0.00424827
0.00000027
0.00004026
0.00004533
0.00001047
0.00063333
0.00004472
0.00010156
0.00005707
0.00004747
0.00000008
0.00167889
0.00288977
0.00018704
0.00019763
0.00000004
0.00014461
0.00000212
0.00004128
0.00000014
0.00001793
0.00005105
0.00005947
0.00010452
0.00003983
0.00004080
0.00003367
0.00005114
0.00075644
0.00006044
0.00010994
0.00000132
0.00000366
0.00005996
0.00005872
0.00000160
0.00011125
0.00060748
0.00000005
0.00024715
0.00000502
0.00000017
0.00004381
0.00001073
0.00042299
0.00034695
0.00014864
0.00003427
0.00004751
0.00004260
0.00000005
0.00153227
0.00006394
0.00000434
0.00004573
0.00002933
0.00049451
0.00053970
0.00002596
0.00000125
0.00004179
0.00000051
0.00006357
0.00003036
0.00005972
0.00004683
0.00009228
0.00008276
0.00000000
0.00007411
0.00005780
0.00007303
0.00028981
0.00000217
0.00338865
0.00013037
0.00003973
0.00008504
0.00013366
0.00000958
0.00008887
0.00003036
0.00000048
0.00000147
0.00000003
0.00004836
0.00003174
0.00007551
0.00002009
0.00004568
0.00002442
0.00002781
0.00003403
0.00014411
0.00002805
0.00000338
0.00012401
0.00000000
0.00002674
0.00000250
0.00002806
0.00006720
0.00001306
0.00003910
0.00002497
0.00002198
0.00000237
0.00002133
0.00003604
0.00000071
0.00004710
0.00015739
0.00001751
0.00007501
0.00004372
0.00026560
0.00003737
0.00000000
0.00004665
0.00000039
0.00010180
0.00090982
0.00000256
0.00006895
0.00007544
0.00018359
0.00007486
0.00028110
0.00009838
0.00001855
0.00005726
0.00000064
0.00011095
0.00073760
0.00001214
0.00002947
0.00005841
0.00000940
0.00013894
0.00007491
0.00003674
0.00017014
0.00000000
0.01030371
0.00016791
0.00008159
0.00006038
0.00003850
0.00004706
0.00001233
0.00002537
0.00013635
0.00002727
0.00004931
0.00000023
0.00003883
0.00002418
0.00002570
0.00003187
0.00009773
0.00010832
0.00208316
0.00007024
0.00003573
0.00049778
0.00005756
0.00004414
0.00023497
0.00015753
0.00008558
0.00002654
0.00004136
0.00000000
0.00000000
0.00000012
0.00007437
0.00017120
0.00003213
0.00010296
0.00003961
0.00000009
0.00004194
0.00001173
0.00012221
0.00017819
0.00007712
0.00000057
0.00002629
0.00000005
0.00000001
0.00015028
0.00009768
0.00000002
0.00011008
0.00004993
0.00008544
0.00005871
0.00004104
0.00000031
0.00000001
0.00000022
0.00006684
0.00002978
0.00000000
0.00000795
0.00165289
0.00000423
0.00000000
0.00004391
0.00008148
0.00005413
0.00000953
0.00017616
0.00013280
0.00000001
0.00000400
0.00009688
0.00000001
0.00007051
0.00004059
0.00011060
0.00000050
0.00013740
0.00090027
0.00004772
0.00074637
0.00001914
0.00000006
0.00075792
0.00000320
0.00003609
0.00005776
0.00002360
0.00000105
0.00003781
0.00001997
0.00012500
0.00005992
0.00000443
0.00005600
0.00004483
0.00001119
0.00000018
0.00002772
0.00000035
0.00002588
0.00057040
0.00000579
0.00012084
0.00003984
0.00000090
0.00003906
0.00000661
0.00003753
0.00004594
0.00002267
0.00001384
0.00011475
0.00005435
0.00005252
0.00005709
0.00009179
0.00125372
0.00010226
0.00000694
0.00004104
0.00000000
0.00005091
0.00000000
0.00009004
0.00000220
0.00004168
0.00001071
0.00001606
0.00008436
0.00004989
0.00005312
0.00000348
0.00000225
0.00000005
0.00012686
0.00002296
0.00000180
0.00004012
0.00000024
0.00001033
0.00011064
0.00000632
0.00005295
0.00018974
0.00006078
0.00005468
0.00008926
0.00011354
0.01411258
0.00001536
0.00002506
0.00010732
0.00012106
0.00004290
0.00004364
0.00028982
0.00002836
0.00008277
0.00000000
0.00034890
0.00005188
0.00020620
0.00000486
0.00016331
0.00000746
0.00005576
0.00000049
0.00009197
0.00006238
0.00064157
0.00000008
0.00000000
0.00000007
0.00004221
0.00031125
0.00004592
0.00000186
0.00009757
0.00003164
0.00003896
0.00000020
0.00007914
0.00001354
0.00000020
0.00004655
0.00000025
0.00004463
0.00090192
0.00000752
0.00007115
0.00000000
0.00017263
0.00000548
0.00005603
0.00001756
0.00007464
0.00004381
0.00004919
0.00000000
0.00001590
0.00003694
0.00006618
0.00002402
0.00003406
0.00000003
0.00000242
0.00003744
0.00004700
0.00002806
0.00006663
0.00004175
0.00000000
0.00014312
0.00005696
0.00004381
0.00004387
0.00000033
0.00008939
0.00007729
0.00010953
0.00000058
0.00000249
0.00004702
0.00000066
0.00004024
0.00000051
0.00026098
0.00004500
0.00002823
0.00003832
0.00006989
0.00081830
0.00005566
0.00009980
0.00005982
0.00005594
0.00410814
0.00010213
0.00003948
0.00002831
0.00021317
0.00000000
0.00030909
0.00006327
0.00005823
0.00005490
0.00000072
0.00002970
0.00007527
0.00000001
0.00006047
0.00001358
0.00015022
0.00000000
0.00029587
0.00003260
0.00004533
0.00003121
0.00053832
0.00009031
0.00000045
0.00003699
0.00156733
0.00000083
0.00003247
0.00001654
0.00003503
0.00016167
0.00003285
0.00018398
0.00061484
0.00010000
0.00005496
0.00000047
0.00007027
0.00010365
0.00000000
0.00003459
0.00001139
0.00005057
0.00001578
0.00004845
0.00018159
0.00017471
0.00006395
0.00004017
0.00019394
0.00012325
0.00002054
0.00004088
0.00000798
0.00003078
0.00009646
0.00002098
0.00000000
0.00005707
0.00000420
0.00004430
0.00001191
0.00004597
0.00004549
0.00000020
0.00001239
0.00000661
0.00000111
0.00002221
0.00045476
0.00000143
0.00009059
0.00057098
0.00000664
0.00007311
0.00000382
0.00004372
0.00134482
0.00000042
0.00004646
0.00003303
0.00003107
0.00008538
0.00000452
0.00008862
0.00002487
0.00003847
0.00006424
0.00416897
0.00006310
0.00000357
0.00000834
0.00000024
0.00012515
0.00006066
0.00004333
0.00004554
0.00007903
0.00001311
0.00013885
0.00005726
0.00024056
0.00042710
0.00009449
0.00000060
0.00011025
0.00013850
0.00076004
0.00004125
0.00005087
0.00001428
0.00043010
0.00004972
0.00002597
0.00001922
0.00018138
0.00002740
0.00000000
0.00004682
0.00032843
0.00001664
0.00000032
0.00005897
0.00003546
0.00000236
0.00012624
0.00005159
0.00005033
0.00004718
0.00001755
0.00003751
0.00002989
0.00004156
0.00006232
0.00012193
0.00012397
0.00004001
0.00001245
0.00009746
0.00018203
0.00006046
0.00008124
0.00000029
0.00053264
0.00007440
0.00006483
0.00000004
0.00038547
0.00000001
0.00000000
0.00013077
0.00000095
0.00000151
0.00004479
0.00004497
0.00004373
0.00003990
0.00155909
0.00003323
0.00009461
0.00003927
0.00002499
0.00003635
0.00000005
0.00021497
0.00000902
0.00001952
0.00007251
0.00000092
0.00002763
0.00004568
0.00000604
0.00005509
0.00008599
0.00009023
0.00007704
0.00045952
0.00030307
0.00004336
0.00000284
0.00003172
0.00006334
0.00000000
0.00000013
0.00004079
0.00003127
0.00067999
0.00006916
0.00008945
0.00014798
0.00002437
0.00001837
0.00000076
0.00007274
0.00000004
0.00159794
0.00182110
0.00000279
0.00001663
0.00004790
0.00000442
0.00011632
0.00006635
0.00001760
0.00000392
0.00013326
0.00019245
0.00005606
0.00027480
0.00465363
0.00004273
0.00004828
0.00000584
0.00000104
0.00005408
0.00000752
0.00003602
0.00006127
0.00003131
0.00035902
0.00000001
0.00001618
0.00007054
0.00004428
0.00001008
0.00004739
0.00000461
0.00011059
0.00009431
0.00005648
0.00292950
0.00000005
0.00047549
0.00005663
0.00011902
0.00211158
0.00007198
0.00013923
0.00009758
0.00000016
0.00003437
0.00005943
0.00006035
0.00002916
0.00013378
0.00009708
0.00009464
0.00009061
0.00006659
0.00000010
0.00003409
0.00008224
0.00000003
0.00814597
0.00003577
0.00003724
0.00004797
0.00008344
0.00004513
0.00000669
0.00001995
0.00044692
0.00004129
0.00006281
0.00000932
0.00477961
0.00020710
0.00003712
0.00003375
0.00005466
0.00006370
0.00000012
0.00425189
0.00006476
0.00016899
0.00000919
0.00000924
0.00018538
0.00019189
0.00003146
0.00001079
0.00013689
0.00004978
0.00003735
0.00000024
0.00000039
0.00013759
0.00004358
0.00003408
0.00006464
0.00001381
0.00002888
0.00000000
0.00204285
0.00006526
0.00003886
0.00004921
0.00000199
0.00001562
0.00000004
0.00004604
0.00012210
0.00016502
0.00071280
0.00005885
0.00000555
0.00078219
0.00015254
0.00004600
0.00006769
0.00023329
0.00007362
0.00000097
0.00005389
0.00000058
0.00005803
0.00028814
0.00028541
0.00000343
0.00207638
0.00034319
0.00012759
0.00040504
0.00009353
0.00004489
0.00007777
0.00002448
0.00008603
0.00000102
0.00013277
0.00000519
0.00002577
0.00001755
0.00006461
0.00000001
0.00010554
0.00043012
0.00138270
0.00015550
0.00020964
0.00009791
0.00015496
0.00000000
0.00049365
0.00000000
0.00003114
0.00004473
0.00002609
0.00003909
0.00002317
0.00001711
0.00000574
0.00001230
0.00003560
0.00029381
0.00006166
0.00006097
0.00003965
0.00001472
0.00008069
0.00004054
0.00006431
0.00004986
0.00088941
0.00008686
0.00005109
0.00002621
0.00074033
0.00002600
0.00004917
0.00004685
0.00000356
0.00000088
0.00006844
0.00020655
0.00003205
0.00000175
0.00000000
0.00003473
0.00006429
0.00005453
0.00003445
0.00677658
0.00000029
0.00008417
0.00000074
0.00000265
0.00019053
0.00005726
0.00003558
0.00003567
0.00000632
0.00006642
0.00028729
0.00003070
0.00010051
0.00000000
0.00004946
0.00009261
0.00005077
0.00000302
0.00453962
0.00003671
0.00012842
0.00007741
0.00000095
0.00001124
0.00010626
0.00004721
0.00001518
0.00029793
0.00004946
0.00000037
0.00003981
0.00000057
0.00011648
0.00000003
0.00002880
0.00000025
0.00001024
0.00010110
0.00017249
0.00005340
0.00030506
0.00011473
0.00004769
0.00000221
0.00018271
0.00009794
0.00003160
0.00002624
0.00002514
0.00000560
0.00017019
0.00002638
0.00006906
0.00010975
0.00005656
0.00000842
0.00007372
0.00021559
0.00000131
0.00003124
0.00008786
0.00000008
0.00000007
0.00001608
0.00000067
0.00003898
0.00002927
0.00002867
0.00000000
0.00000001
0.00007499
0.00003877
0.00000158
0.00015798
0.00001636
0.00003639
0.00009544
0.00004300
0.00000244
0.00004484
0.00002668
0.00018531
0.00000003
0.00005461
0.00000007
0.00005971
0.00002310
0.00002566
0.00000093
0.00014622
0.00000388
0.00002713
0.00000251
0.00003690
0.00001127
0.00026085
0.00007427
0.00004163
0.00000074
0.00000044
0.00001369
0.00016595
0.00000107
0.00001867
0.00011543
0.00003356
0.00038972
0.00003690
0.00000000
0.00002306
0.00004870
0.00004799
0.00007346
0.00027277
0.00004053
0.00007418
0.00007741
0.00007850
0.00000539
0.00000413
0.00000055
0.00003089
0.00002862
0.00006521
0.00003013
0.00003200
0.00045284
0.00003609
0.00000000
0.00008793
0.00007045
0.00001110
0.00009233
0.00002121
0.00000043
0.00009987
0.00007470
0.00000912
0.00005522
0.00214372
0.00008683
0.00006492
0.00002022
0.00005389
0.00017803
0.00019648
0.00102894
0.00002987
0.00000330
0.00002478
0.00005998
0.00002944
0.00007173
0.00004869
0.00007852
0.00005611
0.00003464
0.00011353
0.00009069
0.00002288
0.00165464
0.00033358
0.00004885
0.00005643
0.00002302
0.00004767
0.00000099
0.00003792
0.00003875
0.00030984
0.00000000
0.00006520
0.00010042
0.00000192
0.00008307
0.00047223
0.00017543
0.00004152
0.00002472
0.00050042
0.00009264
0.00004084
0.00014247
0.00004655
0.00016302
0.00002701
0.00005321
0.00007896
0.00011703
0.00001314
0.00040678
0.00007588
0.00001451
0.00000026
0.00006526
0.00048524
0.00025729
0.00009324
0.00003315
0.00000050
0.00002944
0.00043406
0.00008214
0.00001243
0.00003256
0.00019667
0.00004421
0.00120189
0.00000050
0.00000041
0.00002449
0.00016302
0.00007542
0.00013173
0.00005410
0.00004390
0.00005082
0.00006865
0.00023471
0.00002626
0.00031957
0.00383574
0.00007587
0.00012402
0.00003237
0.00000021
0.00012740
0.00000007
0.00020283
0.00001944
0.00005385
0.00140332
0.00000149
0.00002830
0.00009142
0.00000011
0.00000594
0.00023324
0.00001105
0.00000003
0.00003525
0.00008899
0.00003702
0.00004153
0.00006881
0.00007083
0.00005210
0.00004436
0.00274548
0.00010356
0.00007038
0.00008563
0.00004529
0.00054307
0.00000069
0.00005085
0.00006664
0.00020765
0.00113180
0.00060337
0.00000012
0.00000071
0.00000096
0.00002398
0.00000170
0.00020270
0.00001100
0.00004372
0.00063235
0.00004107
0.00000000
0.00000056
0.00004642
0.00002491
0.00004293
0.00004051
0.00040767
0.00004622
0.00001847
0.00002750
0.00005380
0.00005859
0.00010551
0.00012646
0.00001458
0.00002171
0.00004417
0.00000332
0.00005543
0.00004579
0.00007088
0.00001374
0.00000032
0.00001926
0.00002975
0.00001838
0.00010377
0.00005120
0.00007424
0.00002165
0.00011821
0.00007541
0.00020032
0.00415539
0.00003645
0.00008623
0.00017113
0.00008656
0.00000299
0.00006404
0.00001576
0.00001396
0.00001050
0.00005579
0.00001839
0.00004394
0.00000173
0.00006745
0.00007586
0.00003538
0.00026152
0.00019918
0.00004523
0.00010811
0.00000526
0.00001515
0.00002508
0.00000128
0.00004519
0.00016763
0.00002491
0.00004938
0.00000325
0.00006440
0.00004577
0.00000504
0.00001228
0.00000000
0.00008501
0.00203393
0.00026142
0.00000707
0.00006287
0.00002940
0.00011359
0.00000217
0.00007095
0.00000000
0.00030236
0.00003965
0.00003958
0.00002766
0.00000082
0.00002648
0.00001795
0.00002702
0.00000000
0.00001526
0.00000134
0.00007413
0.00009548
0.00012768
0.00002161
0.00006687
0.00000361
0.00004379
0.00002518
0.00006562
0.00007669
0.00000076
0.00006907
0.00000016
0.00006618
0.00039038
0.00003901
0.00000019
0.00053967
0.00007110
0.00006873
0.00000071
0.00008279
0.00013209
0.00004240
0.00046995
0.00000003
0.00000114
0.00013068
0.00015318
0.00004870
0.00018960
0.00004240
0.00010392
0.00015386
0.00000186
0.00011722
0.00010500
0.00027578
0.00000757
0.00002510
0.00003981
0.00010010
0.00005045
0.00005673
0.00024472
0.00000221
0.00002601
0.00000040
0.00001851
0.00123278
0.00000081
0.00003450
0.00002072
0.00046401
0.00000388
0.00008199
0.00051971
0.00004918
0.00002057
0.00011819
0.00006201
0.00000000
0.00005740
0.00002721
0.00001620
0.00004256
0.00003210
0.00004377
0.00018488
0.00004112
0.00003820
0.00012635
0.00007240
0.00004700
0.00001363
0.00008293
0.00008972
0.00004795
0.00003591
0.00000001
0.00008160
0.00006205
0.00008575
0.00011181
0.00006391
0.00004166
0.00007387
0.00006011
0.00000121
0.00003165
0.00007526
0.00000889
0.00004710
0.00007776
0.00002697
0.00004821
0.00004558
0.00019711
0.00007208
0.00000027
0.00019200
0.00016139
0.00010950
0.00003957
0.00001394
0.00022604
0.00013748
0.00000661
0.00000001
0.00000072
0.00020480
0.00035534
0.00006356
0.00011539
0.00001674
0.00002211
0.00000001
0.00000005
0.00010475
0.00152474
0.00003452
0.00003515
0.00005405
0.00011179
0.00001984
0.00000013
0.00016643
0.00010246
0.00013560
0.00016353
0.00050573
0.00023354
0.00022250
0.00000349
0.00007705
0.00007864
0.00001061
0.00014017
0.00791079
0.00007383
0.00004539
0.00003862
0.00000001
0.00004824
0.00002385
0.00015170
0.00014571
0.00006345
0.00001030
0.00020698
0.00000798
0.00005101
0.00000815
0.00000244
0.00006023
0.00004384
0.00000162
0.00005519
0.00000000
0.00003239
0.00024017
0.00005139
0.00002822
0.00000000
0.00003303
0.00000001
0.00081406
0.00009651
0.00000650
0.00005894
0.00009643
0.00001943
0.00000215
0.00004755
0.00012543
0.00003702
0.00001767
0.00000013
0.00005996
0.00138916
0.00011316
0.00002681
0.00005941
0.00007445
0.00001330
0.00000356
0.00003182
0.00006682
0.00000308
0.00024277
0.00095322
0.00003705
0.00002405
0.00013038
0.00002339
0.00009147
0.00001822
0.00007932
0.00005981
0.00003845
0.00011130
0.00003718
0.00014161
