0.00000000
0.00000001
0.00000000
0.00000005
0.00002067
0.00000131
0.00000000
0.00000641
0.00000002
0.00000043
0.00000000
0.00010333
0.00000000
0.00063999
0.00001239
0.00000000
0.00000000
0.00000000
0.00000000
0.00000223
0.08001731
0.00226886
0.00000066
0.00000000
0.00000000
0.00000000
0.00000000
0.00000000
0.00000000
0.00000000
0.00000015
0.00005711
0.00001814
0.00000000
0.00049574
0.00000000
0.00000000
0.00000000
0.00000000
0.00000000
0.00013787
0.00000000
0.00000000
0.00000000
0.00002649
0.00052872
0.00073698
0.00000005
0.00000000
0.00000091
0.00000000
0.00007363
0.00158540
0.00008063
0.00000000
0.00000067
0.00000030
0.00001140
0.00005061
0.00000000
0.00000000
0.00000000
0.00000000
0.00000004
0.00009582
0.00000001
0.00011001
0.00012906
0.00000000
0.00000017
0.00000000
0.00000000
0.00000000
0.00000000
0.00000020
0.00000000
0.00012800
0.00000017
0.00021318
0.00000628
0.00000018
0.00000010
0.00000000
0.00000000
0.00000305
0.00004039
0.00000000
0.00032056
0.00000000
0.00000000
0.00000000
0.00000000
0.00000570
0.00000000
0.00000000
0.00000109
0.00000012
0.00001175
0.00000000
0.00000005
0.00000000
0.00000000
0.00000000
0.00000036
0.00000004
0.00000000
0.00001897
0.00000002
0.00001360
0.00000001
0.00000000
0.00000000
0.00000000
0.00099398
0.00000000
0.00000000
0.00000000
0.00000000
0.00000003
0.00000000
0.00006883
0.00000000
0.00000650
0.00000000
0.00052101
0.00000000
0.00000020
0.00002195
0.00000002
0.00000000
0.00076662
0.00404097
0.00000000
0.00465309
0.01465792
0.00000289
0.00001733
0.00000437
0.00000001
0.00000000
0.00000000
0.00000004
0.00000428
0.00009774
0.00000000
0.00000000
0.00000000
0.00025597
0.00000001
0.00000018
0.00000000
0.00000000
0.00000000
0.00000010
0.00000000
0.00000008
0.00000000
0.00000026
0.00000000
0.00000029
0.00000000
0.00009435
0.00000000
0.00000000
0.00000001
0.00000000
0.00000000
0.00000000
0.00006353
0.00000000
0.00000016
0.00001375
0.00000000
0.00000013
0.02055018
0.00005419
0.00000000
0.00000002
0.00000000
0.00000000
0.00048905
0.00000040
0.00000000
0.00000000
0.00000001
0.00000013
0.00002847
0.00000000
0.00000000
0.00005153
0.00000000
0.00000152
0.00000122
0.00002595
0.00000000
0.00000011
0.00001679
0.00000000
0.00000000
0.00000000
0.00000000
0.00000001
0.00000000
0.00000000
0.00136885
0.00011933
0.00000000
0.00000667
0.00000006
0.00000000
0.00000000
0.00000000
0.00015315
0.00000254
0.00000001
0.00000000
0.00000106
0.00007104
0.00000001
0.00000000
0.00000703
0.00008162
0.00000021
0.00000001
0.00000145
0.00000000
0.00000012
0.00000000
0.00000000
0.00000098
0.00001993
0.00000015
0.00000000
0.00000290
0.00000091
0.00000000
0.00000000
0.02715883
0.00001171
0.00000000
0.00000000
0.00000001
0.00000000
0.00000254
0.00000567
0.00057900
0.00000000
0.00000693
0.00000000
0.00000000
0.00000000
0.00000488
0.00002864
0.00493829
0.00000001
0.00000013
0.00000000
0.00001619
0.00000000
0.00000003
0.00000015
0.00000043
0.00000000
0.00000079
0.00000900
0.00993372
0.00000830
0.00000000
0.00000008
0.00000429
0.00000000
0.00033778
0.00000008
0.00000000
0.00000000
0.00000009
0.00000000
0.00000000
0.00000085
0.00000000
0.00335762
0.00000000
0.00000000
0.00000008
0.00000000
0.00001291
0.00000001
0.00000000
0.00000002
0.00002672
0.00000000
0.00000000
0.00119712
0.00000000
0.00000001
0.00000017
0.00000009
0.00000000
0.00000000
0.00000000
0.00000002
0.00000000
0.00000000
0.00000354
0.00000000
0.00033421
0.00004583
0.00000422
0.00000000
0.00387886
0.00000000
0.00000002
0.00000000
0.00000033
0.00000000
0.00000000
0.00031272
0.00000000
0.00000000
0.00000007
0.00123590
0.00000000
0.00002340
0.00000195
0.00000322
0.00000000
0.03063975
0.00000000
0.00000000
0.00000000
0.00000115
0.00000000
0.00000000
0.00000000
0.00000078
0.00000000
0.00000064
0.00016072
0.00000000
0.00000000
0.00000000
0.00000000
0.00514715
0.00000395
0.00000546
0.00000000
0.00000036
0.00052000
0.00000000
0.00000000
0.00000000
0.00001376
0.00000032
0.00000002
0.00000039
0.00000000
0.00000303
0.08213232
0.00000000
0.00000000
0.10923261
0.00003933
0.00000000
0.00000000
0.00000000
0.00000248
0.00000000
0.00000317
0.00000006
0.00000580
0.00000000
0.00000000
0.00000956
0.00000116
0.00000001
0.00000278
0.00000245
0.00000002
0.00000000
0.00000217
0.00000011
0.00000012
0.00000000
0.00000000
0.00016693
0.00000000
0.00000107
0.00000000
0.00000000
0.00000055
0.00000065
0.01878013
0.00003108
0.00000000
0.00000016
0.00000000
0.00000000
0.00000000
0.00000697
0.00000044
0.00000000
0.00000156
0.00000001
0.00000000
0.00020797
0.00000001
0.00000000
0.00000001
0.00000000
0.00000000
0.00000000
0.00000000
0.00000014
0.00000000
0.00000003
0.03979661
0.00000021
0.00027024
0.00339111
0.00000000
0.00000080
0.00000000
0.00000000
0.00015137
0.00000000
0.00000000
0.00067293
0.00000000
0.00000365
0.00000000
0.00000000
0.00000000
0.00000000
0.00000347
0.00000000
0.00352386
0.00000000
0.00000060
0.00000000
0.00000012
0.00022887
0.00000161
0.00004815
0.00003580
0.00079008
0.00001817
0.00000357
0.00000000
0.00002257
0.00000416
0.00000006
0.00109743
0.00000002
0.00000000
0.00000000
0.00000001
0.00002260
0.00000000
0.00000000
0.00013890
0.00000034
0.00051368
0.00000000
0.00000000
0.00000255
0.00000087
0.00000000
0.00001708
0.00004612
0.00000000
0.00006250
0.00000003
0.00000000
0.00001099
0.00000000
0.00000704
0.00000000
0.00000251
0.00053080
0.00000096
0.06005173
0.00024670
0.00000000
0.00004573
0.00011923
0.00001243
0.00000000
0.00000000
0.00000269
0.00000000
0.00000004
0.00000000
0.00000000
0.00000006
0.00000002
0.00000001
0.00000000
0.00000009
0.00000000
0.01803087
0.00000000
0.00000001
0.00000030
0.00000000
0.00000000
0.00000000
0.00014345
0.00000000
0.00000000
0.00000142
0.00000008
0.00000001
0.00000092
0.00385645
0.00000259
0.00000001
0.00000000
0.00000001
0.00000000
0.00000000
0.00002480
0.00000044
0.00000000
0.00000000
0.00414624
0.00000017
0.00000000
0.00000003
0.00000000
0.00446449
0.00000000
0.00000058
0.00000000
0.00069647
0.00000000
0.00000000
0.00000000
0.00000000
0.00000000
0.00000013
0.00000000
0.00068782
0.00000159
0.00000000
0.00000002
0.00000000
0.00001508
0.00000000
0.00000000
0.00006054
0.00001433
0.00000000
0.00000000
0.00000000
0.00000000
0.00000000
0.00000000
0.00000000
0.00000000
0.00000000
0.00000000
0.00029178
0.00000000
0.00000042
0.00000000
0.00000192
0.00000031
0.00000005
0.00000391
0.00000002
0.00008812
0.00000002
0.00000000
0.00001192
0.00000000
0.00000000
0.00002310
0.00000000
0.00000000
0.00000035
0.00003591
0.00198672
0.00001125
0.00000000
0.00000650
0.00000030
0.00000000
0.00000000
0.00000000
0.00000003
0.00000000
0.00000002
0.00000000
0.00000000
0.00000000
0.00000002
0.00000008
0.00000589
0.00000000
0.00000000
0.00000000
0.00000000
0.00000000
0.00002615
0.00000610
0.00003934
0.00000001
0.00001100
0.00000000
0.00004868
0.00000003
0.00000000
0.00000000
0.00000000
0.00000000
0.00001604
0.00001374
0.00000000
0.00000041
0.00001492
0.00000000
0.00000000
0.00000000
0.00885992
0.00000000
0.00000000
0.00000000
0.00002651
0.00000001
0.00108659
0.00001828
0.00014250
0.00000003
0.00000000
0.00003735
0.00005842
0.00000000
0.00007601
0.00000273
0.00000000
0.00001054
0.00000000
0.00000049
0.00001055
0.00000000
0.00000000
0.00000084
0.00000000
0.00000000
0.00003525
0.00000000
0.00000000
0.00000035
0.00000000
0.00000019
0.00000012
0.00002362
0.00000053
0.00000000
0.00961763
0.00000000
0.00000001
0.00000000
0.00000000
0.00000000
0.00000000
0.00000000
0.00000000
0.00000004
0.00013529
0.00003837
0.00000120
0.00000023
0.00000001
0.00000020
0.00000000
0.00004040
0.00004401
0.00002719
0.00000000
0.00000000
0.00003995
0.00000002
0.00000007
0.00000011
0.00000000
0.00000005
0.00000865
0.00000021
0.00000044
0.00000000
0.00000000
0.00000000
0.00000000
0.00000000
0.00000243
0.00000000
0.00000016
0.00000000
0.00000585
0.00000017
0.00000000
0.00000018
0.00000000
0.00004896
0.00000000
0.00000000
0.00000000
0.00005468
0.00000000
0.00000000
0.00000003
0.00000188
0.00015823
0.00000667
0.00201775
0.00000000
0.00000000
0.00000003
0.00016670
0.00000003
0.00000000
0.00000231
0.00000004
0.00000000
0.00000044
0.00003860
0.00000000
0.00000000
0.00000000
0.00000000
0.00000000
0.00000000
0.00000000
0.00003995
0.00000000
0.00000000
0.00011899
0.00006696
0.00000000
0.00000000
0.00000000
0.00002759
0.00000000
0.00001207
0.00000000
0.00000024
0.00000000
0.00000000
0.00000000
0.00000000
0.00000000
0.00000000
0.00005199
0.00004347
0.00000080
0.00000003
0.00000000
0.00000000
0.00000000
0.00000012
0.00000022
0.00000520
0.00000000
0.00000014
0.00000000
0.00000026
0.00000000
0.00000000
0.00000000
0.00000685
0.00000000
0.00000000
0.00018136
0.00000055
0.00000055
0.00005853
0.00000000
0.00000081
0.00001619
0.00000001
0.00000000
0.00000000
0.00020059
0.00000000
0.00000000
0.00000450
0.00002889
0.00000172
0.00000000
0.00000000
0.00000000
0.00000000
0.00000002
0.00000056
0.00000068
0.00000000
0.00628350
0.00000000
0.00000000
0.00000000
0.00000000
0.00000000
0.00000000
0.00314536
0.00000000
0.00000001
0.00000001
0.00000000
0.00002213
0.00000000
0.00000000
0.00000002
0.05014740
0.00000002
0.00000000
0.00000010
0.00000000
0.00000503
0.00000799
0.00000232
0.00000006
0.00063584
0.00478560
0.00000000
0.00000000
0.00000000
0.00085233
0.00000002
0.00000019
0.00000005
0.00000031
0.00000000
0.00000000
0.00000000
0.00000000
0.00012752
0.00000000
0.00000118
0.00000000
0.00000000
0.00000001
0.00032454
0.00000000
0.01243223
0.00000000
0.00000004
0.00000000
0.00000000
0.00000006
0.00000411
0.00036167
0.00000000
0.00000000
0.00579092
0.00000000
0.00000000
0.00000995
0.00000001
0.00000000
0.00000233
0.00000000
0.00000189
0.00000000
0.00000001
0.00000000
0.00000000
0.00000000
0.00000000
0.00000365
0.00000000
0.00000098
0.00003403
0.00000001
0.00000038
0.00000000
0.00000068
0.00000001
0.00004701
0.00000000
0.00000000
0.01958312
0.00000507
0.00005392
0.00000000
0.00000023
0.00005571
0.00000000
0.00000000
0.00000000
0.00000142
0.00000215
0.00000001
0.00004776
0.00000000
0.00000000
0.00000000
0.00000128
0.00000013
0.00000000
0.00000000
0.00000000
0.00000012
0.00000000
0.00000891
0.00002048
0.00000000
0.00000000
0.00000000
0.00011032
0.00000009
0.00000000
0.00000091
0.00000001
0.00000000
0.00003145
0.00000000
0.00000000
0.00000000
0.00000003
0.00000002
0.00023848
0.00000002
0.00000000
0.00000269
0.00000000
0.00000000
0.00000000
0.00000800
0.00000004
0.00000783
0.00000000
0.00000000
0.00000000
0.00000004
0.00000000
0.00000000
0.00000000
0.00000115
0.00000240
0.00000054
0.00000002
0.00000001
0.00000042
0.00000000
0.00000000
0.00005940
0.00001506
0.00000001
0.00000000
0.00000000
0.00022153
0.00000000
0.00000000
0.00000000
0.00000000
0.00000000
0.00000000
0.00000000
0.00000000
0.00000007
0.00000002
0.00000000
0.00003795
0.00000392
0.00000001
0.00000008
0.00000000
0.00000000
0.00000000
0.00000002
0.00000000
0.00003195
0.00000000
0.00000306
0.00000015
0.00001496
0.00000001
0.00297901
0.00000000
0.00000086
0.00000000
0.00016239
0.00000000
0.00000000
0.00000000
0.00001575
0.00000000
0.00000017
0.00000000
0.00000000
0.00000006
0.00000000
0.00000001
0.00000331
0.00000104
0.00000000
0.00000001
0.00000000
0.01195042
0.00000000
0.00000004
0.00010977
0.00000000
0.00000000
0.00000001
0.00004036
0.00000000
0.00000201
0.00000000
0.00000071
0.00218355
0.00000000
0.00001386
0.00000000
0.00000000
0.00001028
0.00000000
0.00309553
0.00000000
0.00017627
0.00000001
0.00001031
0.00000000
0.00000843
0.00000001
0.00000052
0.00012827
0.00007445
0.00000000
0.00000000
0.00010868
0.00000000
0.00000417
0.00000000
0.02236211
0.00000024
0.00000000
0.00000000
0.00000541
0.00056958
0.00117630
0.00000000
0.00000002
0.00004261
0.00000000
0.00000000
0.00007900
0.00000000
0.00000232
0.00000003
0.00000000
0.00427111
0.00000551
0.00000000
0.00000000
0.00000002
0.00000039
0.00000000
0.00000906
0.00001046
0.00000000
0.00000262
0.00000237
0.00000000
0.00000000
0.00000020
0.00000010
0.00000000
0.00000000
0.00001458
0.00000000
0.00001287
0.00000002
0.00000075
0.00000000
0.00000103
0.00000009
0.00000000
0.00000000
0.00000000
0.00000363
0.00000442
0.00000000
0.00000183
0.00000000
0.00000002
0.00000000
0.00000005
0.00000000
0.00000088
0.00000039
0.00000647
0.00000000
0.00000000
0.00000005
0.00001820
0.00000000
0.00001301
0.00000002
0.00000000
0.00000317
0.00000001
0.00000000
0.00004158
0.00000026
0.00000000
0.00000000
0.00000000
0.00000000
0.00000000
0.00000000
0.00000000
0.00000004
0.00000003
0.00000607
0.00000000
0.00000001
0.00000000
0.00005683
0.00004545
0.00000000
0.00358749
0.00000953
0.00000000
0.00002011
0.00000019
0.00000000
0.00000000
0.00000000
0.00000027
0.00000000
0.00050728
0.00000675
0.00000000
0.00000023
0.00001193
0.00000000
0.00000115
0.00039642
0.00023256
0.00000895
0.00000000
0.00000001
0.00000000
0.00000001
0.00000138
0.00000000
0.00000855
0.00000008
0.00000000
0.00000000
0.00000000
0.00276675
0.00009994
0.00001789
0.00000000
0.00002880
0.00000000
0.00000000
0.00000138
0.00022687
0.00011632
0.00000708
0.00058508
0.00000000
0.00000000
0.00000000
0.00001155
0.00000097
0.00016302
0.00000000
0.00000000
0.00000000
0.00000000
0.00000000
0.00001170
0.00242496
0.00016514
0.00000733
0.00000000
0.00000000
0.00000001
0.00002127
0.00000020
0.00457003
0.00000053
0.00000000
0.00000000
0.00000000
0.00000003
0.00000000
0.00000036
0.00000000
0.00000050
0.00000000
0.00000000
0.00000000
0.00009312
0.00000000
0.00000000
0.00000000
0.00000000
0.00000000
0.00000000
0.00026957
0.00000001
0.00001734
0.00000000
0.00000000
0.00000000
0.00000000
0.00000000
0.00000000
0.00000150
0.00000000
0.00000936
0.00000000
0.00002180
0.00009209
0.00000000
0.00000116
0.00002887
0.00000000
0.00000076
0.00000002
0.00000318
0.00005502
0.00000000
0.00000000
0.00000351
0.00000010
0.00000000
0.00010454
0.00011101
0.00000021
0.00000003
0.00017631
0.00000005
0.00002689
0.00000000
0.00000000
0.00000000
0.00000003
0.00000007
0.00000026
0.00000000
0.00000000
0.00000000
0.00000000
0.00000000
0.00000001
0.00001353
0.00000004
0.00083974
0.00000000
0.00000357
0.00044500
0.00009745
0.00000000
0.12773997
0.00002304
0.00000033
0.00000000
0.00000456
0.00003786
0.00000862
0.00037466
0.00000103
0.00000529
0.00000000
0.00131682
0.00000049
0.00030907
0.00160672
0.00002543
0.00000358
0.00000000
0.00000004
0.00000001
0.00000000
0.00000001
0.00000000
0.00000963
0.00000000
0.00000773
0.00002444
0.00000018
0.00000000
0.00000000
0.00000000
0.00000000
0.00000003
0.00000663
0.00002063
0.00000001
0.00000000
0.00000000
0.00000000
0.00000542
0.00000057
0.00000000
0.00000018
0.00000000
0.00000000
0.00000004
0.00022289
0.00000000
0.00000815
0.00000142
0.00000000
0.00000000
0.00000000
0.00000049
0.00000001
0.00015395
0.00015561
0.00000001
0.00000000
0.00000298
0.00000000
0.00000000
0.00001385
0.00000000
0.00000022
0.00000000
0.00000000
0.00000000
0.00002251
0.00000000
0.00000014
0.00000380
0.00000000
0.00000000
0.00000000
0.00000000
0.00000001
0.00000006
0.00000001
0.00000000
0.00000000
0.00002158
0.00011044
0.00005148
0.00000000
0.00000020
0.00004782
0.00002066
0.00000000
0.00093354
0.00000079
0.00000646
0.00000036
0.00031738
0.00000000
0.00000000
0.00000000
0.00000452
0.02349672
0.00000000
0.00000839
0.00000178
0.00000000
0.00000000
0.00003357
0.00000000
0.00046341
0.00000000
0.00000024
0.00000009
0.00002707
0.10511246
0.00000000
0.00000316
0.00074380
0.00000000
0.00000000
0.00000000
0.00000005
0.00000007
0.00233986
0.00000000
0.00000003
0.00000000
0.00000000
0.00000000
0.00000000
0.00000000
0.00000000
0.00000000
0.00001138
0.00000000
0.00000000
0.00000000
0.00098076
0.00000000
0.00132271
0.00000037
0.00000000
0.00000003
0.00001371
0.00017359
0.00780222
0.00000333
0.00000000
0.00001525
0.00000002
0.00001677
0.00000000
0.00000000
0.00000000
0.00000185
0.00000153
0.00000000
0.00000000
0.00000000
0.00024866
0.00000000
0.00000000
0.01179212
0.00000000
0.00000000
0.00000390
0.00000000
0.00000000
0.00000001
0.00000000
0.00000000
0.00001583
0.00041957
0.00004077
0.00000000
0.00000000
0.00000098
0.00000000
0.00000000
0.00000000
0.00000702
0.00000000
0.00012255
0.00000000
0.00000659
0.00000000
0.00000030
0.00000000
0.00000000
0.00000301
0.00000000
0.00000006
0.00000216
0.00000000
0.00000142
0.00002386
0.00000000
0.00000032
0.00000000
0.00000000
0.00000000
0.00000014
0.00000004
0.00000000
0.00000004
0.00000000
0.00000001
0.00000000
0.00000000
0.00000014
0.00000000
0.00000000
0.00018426
0.00000000
0.00000002
0.00000000
0.00000000
0.00000023
0.00000000
0.00001947
0.00453185
0.00000000
0.00000000
0.00000003
0.00000000
0.00000291
0.00000002
0.00000208
0.00000196
0.00000000
0.00000000
0.00000362
0.00000000
0.00009827
0.00000000
0.00000000
0.00000000
0.00000658
0.00000001
0.00000000
0.00000001
0.00000000
0.00000012
0.00000005
0.00000000
0.00000013
0.00000008
0.00000000
0.00000000
0.00000000
0.00000001
0.00000118
0.00000000
0.00556745
0.00000001
0.00000250
0.00000000
0.00000000
0.00000021
0.00000000
0.00000000
0.00002119
0.00000151
0.00089727
0.00000002
0.00002249
0.00000000
0.00000000
0.00000009
0.00000096
0.00001295
0.00001023
0.00000001
0.00000000
0.00261580
0.00000001
0.00000000
0.00000000
0.00000112
0.00000000
0.00000003
0.00000000
0.00000032
0.00000017
0.00000000
0.00000002
0.00000045
0.00000000
0.00006012
0.00000000
0.00000063
0.00000241
0.00002342
0.00000778
0.00000080
0.00002211
0.00000000
0.00000000
0.00000000
0.00000000
0.00000000
0.00000000
0.00000932
0.03167606
0.00001376
0.00000000
0.00000000
0.00110304
0.00000052
0.00000000
0.00000000
0.00000073
0.00000005
0.00000000
0.03110038
0.00338378
0.00000054
0.00000000
0.00000000
0.00037639
0.00000002
0.00000000
0.00000005
0.00006264
0.00000054
0.00000024
0.00000019
0.00000000
0.00000024
0.00000011
0.00000054
0.00000000
0.00000000
0.00000000
0.00000022
0.00000000
0.00000000
0.00000000
0.00000000
0.00000000
0.00000000
0.00041235
0.00000001
0.00000010
0.00000000
0.00000000
0.00001579
0.00000770
0.00000000
0.00000000
0.00000000
0.00000000
0.00000000
0.00000001
0.00000679
0.00000000
0.00000000
0.00000008
0.00000000
0.00000000
0.00000967
0.00000000
0.00000000
0.00000000
0.00007894
0.00000380
0.00000000
0.00000420
0.00000001
0.00000000
0.00000002
0.00000007
0.00000827
0.00000019
0.00000000
0.00000036
0.00002053
0.00000000
0.12673688
0.00002803
0.00000000
0.00000000
0.00000000
0.00014705
0.00000000
0.00000000
0.00011258
0.00000000
0.00682339
0.00000000
0.00000000
0.00000000
0.00000000
0.00000002
0.00000367
0.03599924
0.00000000
0.00000007
0.00000000
0.00000000
0.00000078
0.00001662
0.00000000
0.00000071
0.00023167
0.00018237
0.00000205
0.00000000
0.00000000
0.00000000
0.00000054
0.00000000
0.00000557
0.00000001
0.00000027
0.00000427
0.00000006
0.00000031
0.00000001
0.14131217
0.00000000
0.00000000
0.00017386
0.00000141
0.00000000
0.00001342
0.00000000
0.00000007
0.00000000
0.00001313
0.00246875
0.01027246
0.00000020
0.00000000
0.00000363
0.00000003
0.00000002
0.00003962
0.00034630
0.00000011
0.00002597
0.00000012
0.00000000
0.00000500
0.00003891
0.00000000
0.00000678
0.00000027
0.00006393
0.00000000
0.00000000
0.00001416
0.01339730
0.00000000
0.00000000
0.00000000
0.00000199
0.00000000
0.00070212
0.00000000
0.00000000
0.00457292
0.00000728
0.00000004
0.00000000
0.00000000
0.00000000
0.01561250
0.00000000
0.00000000
0.00497380
0.00000000
0.00000029
0.00000000
0.00010655
0.00000005
0.00000000
0.00000041
0.00000671
0.00004063
0.00003063
0.00000022
0.00000000
0.00002787
0.00000000
0.00000000
0.00003345
0.00000001
0.00000024
0.00001310
0.00000000
0.00000000
0.00000000
0.00000000
0.00000000
0.00000029
0.00001192
0.00000000
0.00001685
0.00000000
0.00000000
0.00000000
0.00000025
0.00000013
0.00000035
0.00012088
0.00000000
0.00000007
0.00000000
0.00000000
0.00000200
0.00016555
0.00000124
0.00000084
0.00000000
0.00000000
0.00011091
0.00000000
0.00000043
0.00000000
0.00000000
0.00004861
0.00000000
0.00005225
0.00001933
0.00000000
0.00000000
0.00000007
0.00000000
0.00000399
0.00001669
0.16154037
0.00000000
0.00000000
0.00000003
0.00000000
0.00000000
0.00002349
0.00000000
0.01324176
0.00007686
0.00013952
0.00003872
0.00000005
0.00000001
0.00000216
0.00001086
0.00000928
0.00001145
0.00030306
0.00000000
0.00002631
0.00000000
0.00038488
0.00001585
0.00070952
0.00000045
0.00000000
0.00002320
0.00000053
0.00000190
0.00000000
0.00104054
0.00000000
0.00000041
0.00000000
0.00000000
0.00000000
0.00000000
0.00000003
0.00000000
0.00000000
0.00000000
0.00000005
0.00000015
0.02753599
0.00000000
0.00000009
0.00125084
0.00000000
0.00000000
0.00000000
0.00000000
0.00000001
0.00000000
0.00000645
0.00000016
0.00000454
0.00000000
0.00000000
0.00003058
0.00000002
0.00000000
0.00000000
0.00000000
0.00000000
0.00000005
0.00000000
0.00000000
0.00000000
0.00302062
0.00000000
0.00000399
0.00000000
0.00000000
0.00000007
0.00000000
0.00000000
0.00000937
0.00000000
0.00020516
0.00000971
0.00000000
0.00000000
0.00006048
0.00000000
0.00001205
0.00000000
0.00000000
0.00000002
0.00000000
0.00000000
0.00015601
0.00000006
0.00000041
0.00000001
0.00000000
0.00000000
0.00000000
0.00000000
0.00000368
0.00000000
0.00000033
0.00000000
0.00000000
0.00000002
0.00000000
0.00000000
0.00000000
0.00000000
0.00000000
0.00000004
0.00000404
0.00000000
0.00000000
0.00000002
0.00000000
0.00018024
0.00001142
0.00000000
0.00000000
0.00000000
0.00000000
0.00000000
0.00002796
0.00001718
0.00000000
0.00296732
0.00000000
0.00000701
0.00000000
0.00000009
0.00010258
0.00000017
0.00000000
0.00000148
0.00000001
0.00001506
0.00002721
0.00000000
0.00000000
0.00000208
0.00000123
0.00000438
0.00000000
0.00005079
0.00000000
0.00057764
0.00000000
0.00000019
0.00000000
0.00000087
0.00000000
0.00004558
0.00002161
0.00000000
0.00000000
0.00000103
0.00000000
0.00000066
0.00000000
0.00011254
0.00000000
0.00000000
0.00000016
0.00000000
0.00000000
0.00000230
0.00082285
0.00000001
0.00000003
0.00000000
0.00000027
0.00000007
0.00002095
0.00000001
0.00018473
0.00061640
0.00000000
0.00048823
0.00000000
0.00000000
0.00000000
0.00001229
0.00000001
0.00017695
0.00000001
0.00000000
0.00000000
0.00009476
0.00000014
0.00000001
0.00000000
0.00000039
0.00004647
0.00000001
0.00000000
0.00000343
0.00000157
0.00000000
0.00017785
0.00090769
0.00000001
0.00000000
0.00000073
0.00000195
0.00000403
0.00106927
0.00000000
0.00000152
0.00000000
0.00000000
0.00001126
0.00004507
0.00000000
0.00000055
0.00000041
0.00006048
0.00000001
0.00000000
0.00010156
0.00000000
0.00001670
0.00000000
0.00049395
0.00000000
0.00000000
0.00003004
0.00000000
0.00000045
0.00002929
0.00000000
0.00000000
0.00000000
0.00000000
0.00000020
0.00001571
0.00000004
0.00000000
0.00000000
0.00000000
0.00000000
0.00000003
0.00000000
0.00000000
0.00000000
0.00000013
0.00000000
0.00000000
0.00000007
0.00000000
0.00692101
0.00000000
0.00009328
0.00000000
0.00000237
0.00000007
0.00000000
0.00000001
0.00023532
0.00000032
0.00002527
0.00008544
0.00005180
0.00000000
0.00000096
0.00000041
0.00000000
0.00000661
0.00000008
0.00004881
0.00000000
0.00000003
0.00000054
0.00003447
0.00000110
0.00000000
0.00000000
0.00000009
0.00001615
0.00017651
0.00000000
0.00011975
0.00003126
0.00000027
0.00000001
0.00000000
0.00000004
0.00000000
0.00018570
0.00000000
0.00011137
0.00000642
0.00000004
0.00000003
0.00000005
0.00003849
0.00000000
0.00000050
0.00003381
0.00000000
0.00000098
0.00000000
0.00000000
0.00000000
0.00000000
0.00000001
0.00000000
0.00000000
0.00001700
0.00000000
0.00000141
0.00000003
0.00000000
0.00006043
0.00000000
0.00000000
0.00000335
0.00001107
0.00050451
0.00000000
0.00000000
0.00000000
0.00000000
0.00000003
0.00000018
0.00005154
0.00000000
0.00000000
0.00000001
0.00000000
0.00000000
0.00000000
0.00000000
0.00002165
0.00000000
0.00000139
0.00000015
0.00000000
0.00000000
0.00010182
0.00000000
0.00000000
0.00000003
0.00000000
0.00001899
0.00000183
0.00000001
0.00000053
0.00000000
0.00001508
0.00000000
0.00005884
0.00001052
0.00000000
0.00000192
0.05460846
0.00000860
0.00000059
0.00000000
0.00000781
0.00000011
0.00001647
0.00000773
0.00000000
0.00007546
0.00004372
0.00002790
0.00000000
0.00000028
0.00000052
0.00000168
0.00000000
0.00000000
0.00000002
0.00000000
0.00000024
0.00000000
0.00000015
0.00002711
0.00000456
0.00000002
0.00000484
0.00000000
0.00000000
0.00000329
0.00000186
0.00000000
0.00000969
0.00002770
0.00000000
0.00001934
0.00000000
0.00000710
0.00000000
0.00000000
0.00000000
0.00000040
0.00000000
0.00503769
0.00025960
0.00000001
0.00000000
0.00000000
0.00008537
0.00000000
0.00003573
0.00000000
0.00000058
0.00000790
0.00009259
0.00000168
0.00005833
0.00000095
0.00000000
0.00000002
0.00000000
0.00001817
0.00004297
0.00002319
0.00000103
0.00000000
0.00000017
0.00001874
0.00000000
0.00013947
0.00000000
0.00000000
0.00000000
0.00000000
0.00000100
0.00001118
0.00000000
0.00164733
0.00000000
0.00000000
0.00034199
0.00000000
0.00002404
0.00712230
0.00000000
0.00000000
0.00000000
0.00000000
0.00000000
0.00000000
0.00033543
0.00000000
0.00000000
0.00000049
0.00000000
0.00000305
0.00000000
0.00000000
0.00000038
0.00000000
0.00033061
0.00000000
0.00002762
0.00000026
0.00000570
0.00000008
0.00027063
0.00000000
0.00002504
0.00000000
0.00000364
0.00000000
0.00000000
0.00000006
0.00000000
0.00000125
0.00000000
0.00062579
0.00000000
0.00000235
0.00000000
0.00000000
0.00000000
0.00005150
0.00000000
0.00000000
0.00000000
0.00000352
0.00000428
0.00000000
0.00000000
0.00000000
0.00000000
0.00007187
0.00002629
0.00000018
0.00034207
0.00002494
0.00000000
0.00005869
0.00002788
0.00000012
0.00000000
0.00000336
0.00000000
0.00000000
0.00084266
0.00005659
0.00000004
0.00000669
0.00000025
0.00000089
0.00000000
0.00000358
0.00000000
0.00000017
0.00000001
0.00000000
0.00000910
0.00000001
0.00001164
0.00000024
0.00000000
0.00001771
0.00000035
0.00026394
0.00010489
0.00000000
0.00000000
0.00000000
0.00480935
0.00000034
0.00000001
