4.750815363553036 0.617036506433420 0.236975111631758
3.289045762352569 1.569298125200561 0.021686547906105
0.621185003793934 1.552698391914791 0.191010359802724
6.586922624610648 1.277126566821899 0.047525204757081
5.875870059057315 0.327690844896963 0.191019212512758
9.455094610078170 0.369528845115407 0.239580005222177
1.276972784222942 0.521016987564868 0.680046573095386
0.710764548287934 0.370697331565222 0.492806969903807
4.570477849810159 0.309454509431719 0.419874942096272
5.777943976850082 1.171860084375781 0.001818717138006
0.446311243005827 0.774733199963424 0.014617323867788
1.709940652825795 0.834963241710671 0.279988616746204
0.288210132998453 0.773282448339565 0.244997106403006
0.351396310644770 0.624319097216604 0.001430093597816
2.320636408734370 0.287870341673869 0.604491521819026
9.753948146163419 0.117244715062077 0.329315141429281
1.809014470758816 0.567889911778508 0.219709189286838
2.392641925253862 0.743110856415887 0.237375993930442
7.704888015981835 0.996074653636988 0.161865796365042
2.354043112966556 0.064542537959170 0.664929875254208
6.434717097898257 1.191317540752165 0.028604148068020
3.495832919318226 1.567533439027896 0.020347176290123
3.097200241767257 1.570630091823032 0.022941006383024
6.633941484736181 1.261056492902904 0.217321441034403
6.621570385838486 1.385568330747337 0.006914138306329
6.270093296302164 1.398724394163345 0.032829800006189
6.025785215683956 1.540765580486563 0.000000000000000
6.916663136036880 1.187729188835738 0.027345924980296
3.109234427051434 1.431470296276878 0.086149963565930
6.811476124405481 1.516429572413499 0.048049315721204
6.777667274809214 0.900098997352769 0.028993750452537
6.628336541320409 1.085775415779178 0.000000000000000
6.766313575273366 1.037853010471690 0.060212386934002
6.152260368258977 0.998946665208398 0.053109620641028
6.172213809580900 0.620878302878565 0.057882684340714
5.941231684877751 1.232788130459728 0.063613295063151
7.438200233693496 0.925475208275591 0.026721470906095
2.986758673050091 1.722815058493270 0.000000000000000
0.903434640423288 0.365517010616169 0.205412127601757
3.269695924564071 1.975123398226633 0.012747690812820
7.027276505421125 0.559134655964510 0.040929821019686
2.981086735698292 1.464846669312901 0.000000000000000
7.685138828331078 1.294504318459068 0.019727387002948
8.192059531237799 1.267304946023958 0.043791676548272
1.051902664860506 1.238609064756791 0.028457460623306
8.145787751817684 1.127848720037180 0.000000000000000
7.549811734789676 1.224579056113573 0.053184370328349
5.654304571954513 0.813483497351545 0.043177086760003
2.370696898531931 1.618965488259420 0.000000000000000
4.815745905462012 0.886254275499418 0.000000000000000
4.936385351600887 0.568684565660134 0.084188440429524
4.828988507084395 0.359033148188629 0.109835431201245
4.953534289402675 0.727673854257479 0.073768715483066
4.893344039371082 0.594674489417257 0.056676062594343
5.237282528283921 0.727108250124972 0.092073024574678
4.379292442668980 0.756778479168795 0.085726339444368
5.223476034940866 0.845298558102910 0.071039833955300
3.004704047171695 0.553437971727142 0.150331864444550
1.724470008951249 0.799835076557397 0.126142803028857
4.681110789065256 0.640467558949718 0.102720369606701
4.043197261171819 0.576763607509637 0.080459698549978
3.227523133683147 0.556857781724728 0.062303468082539
3.099718932922388 0.857756008473423 0.040649022204164
2.614728270263100 1.130425530445938 0.000000000000000
4.544644762517681 1.757093713143389 0.000000000000000
4.619248500432506 1.433057218019555 0.000000000000000
3.570675370616141 1.214673630704082 0.000000000000000
2.526610579423356 1.313967410190895 0.000000000000000
4.422627849009181 0.654077159280670 0.077626934457887
3.929819760750374 0.707230847126575 0.047867455591604
2.996741278921561 0.882294521603076 0.000000000000000
4.166928233853478 0.937126288750069 0.047494402876442
0.000000000000000 0.484286271356465 0.252461061538801
3.136810359765403 0.215455354440551 0.202965719557717
3.540171778124443 0.681541068990890 0.078465906684456
0.395870670224570 0.796344389210096 0.201462413730722
5.834101312913542 0.652859097616366 0.105432398946920
2.084332987876614 0.746347648466257 0.056152854912849
3.435227208667680 0.553294148280825 0.102862486953434
6.001346570641573 0.812798206601961 0.080350621247945
9.663327511237460 0.901129847286691 0.091139848946947
2.196135275470604 0.330134390046692 0.104900628585196
3.871342289551149 0.616906232630169 0.107642430847817
9.654597106152041 1.376365541347902 0.065326145579991
5.161366101221370 0.644475374783366 0.087611324823679
0.357258734695637 2.000000000000000 0.000000000000000
3.205969767204571 0.703018737175508 0.043206191995876
7.293695995037882 0.533777317482783 0.148337374157093
0.897943073347906 2.000000000000000 0.080471730896280
4.243808093531361 0.602595648206447 0.093588968479227
2.068119757800944 1.005327631360431 0.029688079536421
5.740592765768876 1.993619213789920 0.000000000000000
7.623105288462068 2.000000000000000 0.000000000000000
0.398788230799101 1.623135951124069 0.000000000000000
3.926973805053471 0.617616614750679 0.545894690405937
0.299836876678732 0.074018256058457 0.550276079895485
0.924956832221360 0.652052969072369 0.470688757016270
4.057457893324032 0.183565172714207 0.750015656845353
6.461957807149120 0.023334443340114 0.243958453781118
4.522729356431324 0.535876493402956 0.174694392886022
2.801630014767214 0.391556856372471 0.269862087115382
6.303054821886423 1.842429991898979 0.000000000000000
3.901792496493480 0.974301779108457 0.126777311203700
6.174687303322401 2.000000000000000 0.072531015066027
7.674653372442120 0.809843854189431 0.103790527415861
1.201169269340089 0.299024520313308 0.365794006516311
2.238165314437376 0.286878493449124 0.311337246125832
1.598660468108194 0.191155326007384 0.165615317570531
3.637887063574071 0.496293491548395 0.289402540426238
2.293124015935598 0.280046838846637 0.244704049969854
10.000000000000000 2.000000000000000 0.000000000000000
0.459498179620436 0.164686811360500 0.321331938286576
8.971181250388671 1.817222175035550 0.000000000000000
2.099215034432313 0.339823845797988 0.437326197112143
6.125996784457214 0.506181923819244 0.205367999500417
1.782187134191215 1.844345211475678 0.000000000000000
2.570120416131156 0.384007892909845 0.197052842367241
0.000000000000000 1.057429949755053 0.000000000000000
4.319953753597334 1.882724574895873 0.000000000000000
10.000000000000000 0.273914141817544 0.455934702005913
2.090478827747947 0.375671303774804 0.221417485169900
0.000000000000000 2.000000000000000 1.000000000000000
10.000000000000000 0.619100831679531 0.150111665902817
3.490623448276970 0.347186313021649 0.196035334792888
0.000000000000000 0.808927644197929 0.311414394685056
0.000000000000000 1.511115161741772 0.085211668197366
2.149121363763865 1.703752211495971 0.066031473431964
4.409778348733606 0.526084778806799 0.106935776512976
3.825389705320473 0.318556093730652 0.229260991039696
10.000000000000000 1.616976706660363 0.000000000000000
3.526966314102675 1.842310473846649 0.000000000000000
0.000000000000000 1.837389828997086 0.000000000000000
4.983798292638346 0.555915008514307 0.106930391485422
3.447502620027785 0.395113694830749 0.164435203203110
2.219553534219761 0.412875091660759 0.171446259552345
0.000000000000000 1.786470771340404 0.344056890567783
1.890067549225893 1.195218062685363 0.000000000000000
5.213178540646887 1.317007549841390 0.000000000000000
4.165262307402102 0.336419596949995 0.185303059268446
4.855366355123678 1.931019466727659 0.000000000000000
0.000000000000000 1.261123130495958 0.207420535352957
8.082013858383919 1.497833654251877 0.000000000000000
10.000000000000000 0.808488222437238 0.001863257236426
1.600376641581184 1.421114745806070 0.000000000000000
0.000000000000000 0.470858427142482 0.578175064724112
10.000000000000000 1.082468079148636 0.056292220812659
4.799805968749332 0.138171909435862 0.606494344249509
10.000000000000000 0.787394472965086 0.274255624352635
8.968973905120393 1.074738900394000 0.071468112663757
10.000000000000000 1.210860699718709 0.000000000000000
10.000000000000000 0.298196854880624 0.140497211117716
2.519987059992585 0.332711518389814 0.206746191526939
0.000000000000000 0.578433831525448 1.000000000000000
2.956536434471182 0.381570852956561 0.215482317272896
1.314878769843387 0.440378037201118 0.363736431330316
3.923893263459309 0.483795620098169 0.113866182158104
4.974249822978655 0.827167240744355 0.202987596328616
2.876027834022709 0.298606997417066 0.652485826559373
2.889727962060740 0.179497634223787 0.372488604844070
4.011181025738843 0.090463650245430 0.430898562152962
3.507216738481789 0.417863506808578 0.209930405430998
3.415218148621441 0.222113241941355 0.353171932962181
2.602402978228940 0.296950655712682 0.541117876888806
2.746023019815616 0.271130715673078 0.372634289209680
3.440117367795496 0.111212901245094 0.347278809674997
10.000000000000000 2.000000000000000 0.058279533442891
8.253134345457701 0.349057322159607 0.147936884269505
5.760782590893577 0.507913513632858 0.104546707666261
0.000000000000000 0.362374148647708 0.434791453838997
1.416025555117166 0.914934821136741 0.000000000000000
1.197794226705653 0.536426816790966 0.108528335532298
3.688698604719225 0.622062434162014 0.000000000000000
4.353456247342197 1.148751501465508 0.000000000000000
8.043093900925303 0.000000000000000 1.000000000000000
6.888533051187241 1.321747568231182 0.000000000000000
4.361532861491503 0.577207934977707 0.110267836510339
7.362313402095147 1.319255779533441 0.065014742270305
0.723283867127823 1.055715940875665 0.835745148910864
5.350508677759863 1.823961266676489 0.000000000000000
4.664442683120996 0.584975221400668 0.095286868073613
3.292344321913798 1.057571018265897 0.000000000000000
7.548149024182509 1.775038898976608 0.000000000000000
10.000000000000000 2.000000000000000 1.000000000000000
3.292128984958488 0.448294896087481 0.129259389599453
4.232288751569977 1.641898043046162 0.000000000000000
0.928519780039170 0.255054110874484 0.836067554165183
5.857640846993610 1.405449218459831 0.000000000000000
2.872600983163211 0.375141095213198 0.159628941486860
2.580979717515401 0.353355680197716 0.182923230264588
3.539319171793542 1.361544747433853 0.000000000000000
0.143262616026398 0.427984449211094 0.769500711558233
2.173423115450652 1.131095663930934 0.099772134687540
2.981017441530951 0.660483612559901 0.099527620355608
4.411562920091664 1.252762199894064 0.044620656850110
4.186390460483874 0.646330568389558 0.095489464555136
10.000000000000000 0.127748612886691 0.205811708517440
0.673313770358421 0.000000000000000 0.798079309563361
1.554844938207853 0.393464941780345 0.854934612523623
2.564169208195110 0.153839798708502 0.591342310701362
0.993493645991027 0.279166008378488 0.622134618760185
4.598855384695601 0.265697789555277 0.282736661108008
0.653932115196025 0.679319838225083 0.250497513520883
7.387787633919722 0.232027501129188 0.351291505996077
6.787882575473875 0.927095521435240 0.069098690001405
7.458104864140641 1.643784874239557 0.000000000000000
10.000000000000000 0.461161995213492 0.076599100098547
5.815896640760915 1.685232138279279 0.000000000000000
2.770672952353062 0.415176802801411 0.134531635831932
3.402780004434868 0.456221176326334 0.094802511286048
10.000000000000000 0.997449967830057 0.042458446778619
0.246038688077658 1.722808225396720 0.143375154741223
5.587181985697639 1.701639856780035 0.052484598463918
5.769289424832925 0.705715178088626 0.077552946808986
2.221122629109783 0.750065045741008 0.000000000000000
3.385538980963366 0.099515928116787 0.611029349382020
1.634175910464394 1.081568860028011 0.000000000000000
10.000000000000000 1.002773951455746 0.065348990729799
0.000000000000000 1.457829147284952 0.550214325066180
1.156610473946770 0.326711064678560 0.285250108641623
3.028195307380732 0.430766367876888 0.157070679435369
0.912322791178257 0.974870253161356 0.234323938464954
2.315147556886098 0.338418288238362 0.163065395178289
3.405459443971420 1.581397211496633 0.090479887970019
5.075280397102278 1.614535642950943 0.000000000000000
10.000000000000000 1.133496513467945 0.133389164734948
5.372778646121340 0.642604864118216 0.137108682007850
10.000000000000000 1.298721580965546 1.000000000000000
1.892428290400229 2.000000000000000 0.000000000000000
2.096391803151893 0.467496399659538 0.023746224093844
8.738541604998709 2.000000000000000 0.000000000000000
2.096594828368919 0.292129491802107 0.216334771838104
4.670185111729457 1.648470802148101 0.820528954544908
3.606367303154490 0.418107564517066 0.140200886969173
0.992664755635098 1.385754386687602 0.144045670351557
9.592671501692012 1.052888787041171 0.000000000000000
2.839469053556588 0.331884668192964 0.040775787716971
1.536215599126845 1.941815331039211 0.000000000000000
10.000000000000000 0.293395408294498 0.003667414061474
0.209720727495417 1.440887472163500 0.277103633395952
7.917566635261343 0.940041579025913 0.058611171964763
0.880741561140048 0.326885891198100 0.331104540839228
2.131505557806779 1.515413161756091 0.000000000000000
7.223915930209479 0.870683339400979 0.061387487988211
8.217699857043518 0.711923337595889 0.074973530043147
6.379580897706685 1.884299471735246 0.220194544953735
3.684421140930351 0.285197957647815 0.275803610025853
1.813168696771270 0.599127857841327 0.190863027543507
0.000000000000000 1.493770366732891 1.000000000000000
3.441403177064158 2.000000000000000 0.690489186120351
5.194881216007502 0.738018216727156 0.041525576108104
8.852239574551881 0.618745694050274 0.093048524720009
5.822727311339937 0.976769065101499 0.000059463272415
6.053379578515887 0.475144082680345 0.211563376709819
6.644152605636155 0.750205546771119 0.069755006724421
2.962307048646821 1.217678095434600 0.000000000000000
10.000000000000000 1.710417519501717 0.503108135472292
2.674716895774520 1.885678965101973 0.000000000000000
3.707007980011454 0.193120739807981 0.420557758516899
0.000000000000000 1.062874091238825 0.093570199483202
3.244946537660049 0.490575729610779 0.124932795865496
4.356817316701264 2.000000000000000 0.000000000000000
3.950737283314896 1.525473723656106 0.000000000000000
9.971690127345278 0.904104856933631 0.052777004981243
10.000000000000000 0.727793970063776 0.069208861873946
0.801723312614360 0.611694405633175 0.051012231707205
0.418910599614367 0.734489616717959 0.692891797302938
4.110901403032051 0.779290105187900 0.037688748118021
4.072887383693975 0.460948858725675 0.137025274346122
2.747344985512242 1.782504241368062 0.000000000000000
4.832363872428773 0.931117978447314 1.000000000000000
