2.962898832992170 1.002093332164971 0.578804850079563
3.471668293702473 0.171380287824255 0.068542273985321
8.962430153883361 1.667659672664660 0.088697079635087
2.121061444963096 1.830989837088139 0.498867415432817
8.106639288049788 0.140148504054375 0.831439282290039
3.074650904034054 1.571698531788514 0.629421160926124
5.515663466720077 0.494889848937967 0.727749524210519
2.377177820138301 1.354967405336104 0.629066260895858
4.538855216780233 1.879811665175454 0.730430681460920
9.939503609658209 0.684163060106151 0.877819331492734
4.503702507536143 1.601206618633308 0.826440668684586
7.986425292909684 1.782243426104197 0.722279479342591
3.882985889937439 1.233879610337993 0.068933426478112
7.615648439941559 0.537897436656816 0.920543024679437
7.911888025331223 1.477198507642813 0.932711310993769
6.851546950456821 1.257865493887092 0.938149709110296
5.579631017635538 1.269550945906997 0.437197236153193
4.521251579924131 1.522550018163443 0.544440813732483
7.933604713466062 1.593473932371795 0.206797102459128
2.585440374002559 1.565906621925864 0.736309196695042
