-0.250743698288769 -0.423491379310345
-0.109056325764470 -0.110033524904215
-0.267637876080062 -0.517600574712644
-0.041499838412810 -0.208213601532567
-0.238093033958578 -0.255866858237548
-0.312313001883837 -0.443247126436781
-0.402762294076109 -0.623682950191571
-0.115865559409598 -0.513529693486590
-0.310828692796234 -0.494492337164751
-0.192369810899206 -0.220426245210728
-0.117564439062859 -0.433189655172414
-0.254340263649844 -0.408285440613027
-0.095519806833976 -0.402897509578544
-0.135624784184350 -0.616259578544061
-0.280551719171053 -0.355723180076628
-0.436865161076683 -0.448036398467433
-0.121666607377515 -0.325191570881226
-0.229622591464541 -0.353807471264368
-0.291744997501202 -0.522988505747126
-0.358808495472197 -0.666187739463602
-0.128271311521530 -0.216823399066925
-0.219112768769264 -0.297805637121201
-0.212390661239624 -0.204414844512939
-0.647970736026764 -1.256748557090759
-0.181697443127632 -0.185040056705475
-0.097689531743526 -0.222483456134796
-0.177399024367332 -0.197230935096741
-0.088342472910881 -0.220306515693665
-0.221762418746948 -0.491118073463440
-0.154103994369507 -0.426462918519974
-0.105392932891846 -0.214864164590836
-0.221812874078751 -0.313697308301926
-0.118205845355988 -0.291927903890610
-0.056653946638107 -0.187652379274368
-0.151213601231575 -0.297587960958481
-0.155167520046234 -0.371168583631516
-0.144855991005898 -0.252960652112961
-0.227723598480225 -0.125609546899796
-0.112704537808895 -0.471307903528214
-0.236377701163292 -0.266240000724792
-0.313749760389328 -0.523554503917694
-0.243735685944557 -0.121037967503071
-0.100932568311691 -0.202890977263451
-0.086419865489006 -0.319575071334839
-0.240481644868851 -0.257749915122986
-0.231838539242744 -0.353753060102463
-0.083965048193932 -0.262974560260773
-0.124131239950657 -0.176767677068710
-0.272450178861618 -0.192006275057793
-0.218438833951950 -0.271029263734818
-0.047578364610672 -0.097309298813343
-0.182820260524750 -0.359195411205292
-0.036565095186234 -0.114289447665215
-0.127956613898277 -0.217694178223610
-0.051959890872240 -0.189829334616661
-0.098197482526302 -0.197666317224503
-0.075059972703457 -0.216605708003044
-0.138008698821068 -0.260144561529160
-0.212250173091888 -0.420367479324341
-0.063536435365677 -0.148467436432838
-0.064474821090698 -0.126915708184242
-0.103962384164333 -0.209421798586845
-0.140934273600578 -0.149773597717285
-0.198876649141312 -0.146290495991707
-0.205940842628479 -0.150426685810089
-0.167240321636200 -0.185910835862160
-0.175694674253464 -0.143460467457771
-0.223119482398033 -0.137800425291061
-0.079223401844501 -0.151950538158417
-0.106874838471413 -0.109935559332371
-0.158070027828217 -0.222918838262558
-0.163622647523880 -0.311302691698074
-0.223902940750122 -0.789141416549683
-0.152275159955025 -0.388584107160568
-0.070747829973698 -0.115813307464123
-0.261993914842606 -0.685083568096161
-0.078060232102871 -0.208115637302399
-0.167077690362930 -0.211816444993019
-0.082121133804321 -0.144548937678337
-0.082031726837158 -0.188087776303291
-0.162271410226822 -0.372257053852081
-0.161366850137711 -0.531173825263977
-0.058609958738089 -0.124738767743111
-0.259954869747162 -0.549460113048553
-0.045300498604774 -0.109500177204609
-0.292056709527969 -0.234892025589943
-0.100593931972980 -0.243817478418350
-0.201306805014610 -0.366814702749252
-0.294646978378296 -0.634360849857330
-0.047136921435595 -0.122126437723637
-0.186729207634926 -0.213340297341347
-0.171529784798622 -0.138453498482704
-0.193723216652870 -0.215081855654716
-0.296914219856262 -0.299329489469528
-0.846609413623810 -1.582636713981628
-0.705213308334351 -2.613200902938843
-0.527863562107086 -0.948928952217102
-0.641533613204956 -0.988113880157471
-1.118567824363708 -1.488375186920166
-0.178614437580109 -0.325017422437668
-0.161573007702827 -0.213122606277466
-0.169212713837624 -0.222483456134796
-0.267130881547928 -0.540970027446747
-0.379657208919525 -0.839864134788513
-0.180210098624229 -0.370515495538712
-0.095535658299923 -0.459552407264709
-0.106938689947128 -0.338296771049500
-0.225144550204277 -0.926724135875702
-0.403770834207535 -0.683124363422394
-0.071469575166702 -0.392502605915070
-0.171020612120628 -0.252960652112961
-0.274517089128494 -1.541057109832764
-0.192190960049629 -0.277777791023254
-0.296431064605713 -0.449973881244659
-0.303257346153259 -0.505921304225922
-0.276480555534363 -0.183298498392105
-0.041120491921902 -0.151297450065613
-0.267752856016159 -0.374869376420975
-0.202319368720055 -0.067049808800220
-0.767073988914490 -1.246734619140625
-0.068240970373154 -0.260797619819641
-1.125981092453003 -1.983629345893860
-0.329470932483673 -0.554031670093536
-0.083880335092545 -0.114942528307438
-0.347127437591553 -0.844435751438141
-0.306766390800476 -0.567746400833130
-0.201447308063507 -0.405128866434097
-0.033379208296537 -0.072709858417511
-0.118016645312309 -0.141065835952759
-0.226333796977997 -0.390978753566742
-0.250069707632065 -0.167624518275261
-0.316234290599823 -0.282784730195999
-0.052290752530098 -0.146290495991707
-0.049019679427147 -0.145202025771141
-0.066259816288948 -0.237722054123878
-0.772330343723297 -1.536267876625061
-0.195314228534698 -0.171978399157524
-0.184730827808380 -0.194618597626686
-0.155106291174889 -0.148902818560600
-0.179858028888702 -0.129745736718178
-0.426882356405258 -0.858585834503174
-0.184772402048111 -0.257532209157944
-0.398880988359451 -0.547283172607422
-0.248244017362595 -0.180686175823212
-0.318531215190887 -0.959813654422760
-0.074692867696285 -0.224225014448166
-0.440861910581589 -0.602795183658600
-0.760341882705688 -1.361024022102356
-0.143176183104515 -0.358759999275208
-0.273931711912155 -0.427115976810455
-0.325788617134094 -0.373127818107605
-0.052455216646194 -0.328282833099365
-0.653934836387634 -1.241292238235474
-0.045871239155531 -0.120384886860847
-0.264031320810318 -0.581896543502808
-0.054651293903589 -0.137582719326019
-0.450155079364777 -0.820053994655609
-0.600950717926025 -0.961119830608368
-0.135955333709717 -0.164141416549683
-0.417169749736786 -0.427769064903259
-0.112386807799339 -0.151079759001732
-0.176245927810669 -0.171543017029762
-0.400461316108704 -0.604972124099731
-0.219174459576607 -0.395114928483963
-0.347639054059982 -0.547500848770142
-0.304368019104004 -0.736894786357880
-0.298775553703308 -0.330459773540497
-0.136288389563560 -0.227272734045982
-0.147733747959137 -0.791971445083618
-0.182244986295700 -0.321969687938690
-0.155674979090691 -0.352664589881897
-0.235057115554810 -0.373998612165451
-0.179064601659775 -0.154345169663429
-2.429908037185669 -4.146420955657959
-0.182400658726692 -0.188958555459976
-0.044140174984932 -0.122997216880322
-0.191173031926155 -0.473702549934387
-0.975677490234375 -1.802290201187134
-0.199606403708458 -0.153692096471786
-0.056894790381193 -0.136276558041573
-0.179315924644470 -0.158045977354050
-0.163818463683128 -0.200060948729515
-1.163808703422546 -1.989942550659180
-0.035536568611860 -0.149555906653404
-0.186954826116562 -0.147596657276154
-0.292035281658173 -0.721003115177155
-0.173501029610634 -0.141718909144402
-0.030453208833933 -0.183080807328224
-0.040481545031071 -0.184169277548790
-0.179236158728600 -0.101227797567844
-0.376518279314041 -0.973528385162354
-0.212373673915863 -0.433211416006088
-0.104116022586823 -0.187870085239410
-0.183889493346214 -0.304771870374680
-0.061022434383631 -0.122779518365860
-0.617208600044250 -0.789576828479767
-2.429908037185669 -4.146420955657959
-0.653592944145203 -1.178814053535461
-0.201035499572754 -0.233803555369377
-0.235165923833847 -0.727751672267914
-0.179396465420723 -0.200060948729515
-0.248641818761826 -0.636973202228546
-0.410939186811447 -0.558385550975800
-0.050778266042471 -0.218782648444176
-0.181974455714226 -0.250783711671829
-0.283046960830688 -0.452368497848511
-0.181345209479332 -0.134970396757126
-0.050774402916431 -0.116684079170227
-0.094680212438107 -0.280825495719910
-0.060766860842705 -0.276036232709885
-0.410126596689224 -0.844653427600861
-0.180253967642784 -0.471960991621017
-0.047226164489985 -0.174373045563698
-0.158906623721123 -0.342432945966721
-0.295970857143402 -0.131922677159309
-0.192502915859222 -0.236633583903313
-0.110494844615459 -0.358542323112488
-0.871508359909058 -1.657741189002991
-0.084175467491150 -0.546630084514618
-0.059624306857586 -0.135188087821007
-0.402027070522308 -0.803509235382080
-0.080648101866245 -0.390543371438980
-0.304132610559464 -0.656783342361450
-0.180618226528168 -0.166753739118576
-0.442149698734283 -0.814176261425018
-0.187169939279556 -0.385318696498871
-1.152743220329285 -1.989942550659180
-0.248217672109604 -0.119731798768044
-0.208270817995071 -0.525949120521545
-0.186907559633255 -0.245559036731720
-0.025363897904754 -0.310431897640228
-1.132249355316162 -1.982758641242981
-0.055653575807810 -0.164141416549683
-0.357135385274887 -0.695097506046295
-0.306743413209915 -0.421891331672668
-0.295040637254715 -0.660701870918274
-0.286742448806763 -0.206809476017952
-0.786614835262299 -1.063218355178833
-0.614585340023041 -1.223876714706421
-0.056562189012766 -0.234674334526062
-0.138390690088272 -0.566440284252167
-0.236787274479866 -0.147814348340034
-0.056429952383041 -0.219218045473099
-0.079427793622017 -0.279954731464386
-0.837040603160858 -1.652734279632568
-0.208154574036598 -0.274294674396515
-0.204445064067841 -0.504832804203033
-1.077362775802612 -1.927464246749878
-1.114980816841125 -1.960771560668945
-0.101205587387085 -0.122779518365860
-0.169175952672958 -0.226401954889297
-0.256087899208069 -0.339820623397827
-0.308693856000900 -0.504397451877594
-0.066245585680008 -0.198754787445068
-0.177711948752403 -0.139324277639389
-1.099977850914001 -1.970350027084351
-0.250678509473801 -0.148902818560600
-0.244631618261337 -0.235109716653824
-0.278992146253586 -0.557950198650360
-0.061473973095417 -0.137365028262138
-0.252744466066360 -0.207680255174637
-0.243797674775124 -0.190047025680542
-0.094236098229885 -0.235762804746628
-0.146313875913620 -0.257532209157944
-0.186071351170540 -0.433864504098892
-0.698714375495911 -1.255442380905151
-0.123099893331528 -0.194400906562805
-0.055803120136261 -0.093826189637184
-0.210824087262154 -0.117772556841373
-1.104439139366150 -1.971873879432678
