-0.250743698288769 -0.423491379310345
-0.109056325764470 -0.110033524904215
-0.267637876080062 -0.517600574712644
-0.041499838412810 -0.208213601532567
-0.238093033958578 -0.255866858237548
-0.312313001883837 -0.443247126436781
-0.402762294076109 -0.623682950191571
-0.115865559409598 -0.513529693486590
-0.310828692796234 -0.494492337164751
-0.192369810899206 -0.220426245210728
-0.117564439062859 -0.433189655172414
-0.254340263649844 -0.408285440613027
-0.095519806833976 -0.402897509578544
-0.135624784184350 -0.616259578544061
-0.280551719171053 -0.355723180076628
-0.436865161076683 -0.448036398467433
-0.121666607377515 -0.325191570881226
-0.229622591464541 -0.353807471264368
-0.291744997501202 -0.522988505747126
-0.358808495472197 -0.666187739463602
