4.750815363553036 0.617036506433420 0.236975111631758
3.289045762352569 1.569298125200561 0.021686547906105
0.621185003793934 1.552698391914791 0.191010359802724
6.586922624610648 1.277126566821899 0.047525204757081
5.875870059057315 0.327690844896963 0.191019212512758
9.455094610078170 0.369528845115407 0.239580005222177
1.276972784222942 0.521016987564868 0.680046573095386
0.710764548287934 0.370697331565222 0.492806969903807
4.570477849810159 0.309454509431719 0.419874942096272
5.777943976850082 1.171860084375781 0.001818717138006
0.446311243005827 0.774733199963424 0.014617323867788
1.709940652825795 0.834963241710671 0.279988616746204
0.288210132998453 0.773282448339565 0.244997106403006
0.351396310644770 0.624319097216604 0.001430093597816
2.320636408734370 0.287870341673869 0.604491521819026
9.753948146163419 0.117244715062077 0.329315141429281
1.809014470758816 0.567889911778508 0.219709189286838
2.392641925253862 0.743110856415887 0.237375993930442
7.704888015981835 0.996074653636988 0.161865796365042
2.354043112966556 0.064542537959170 0.664929875254208
