5.40289974 0.92697769 0.23758908
5.43829298 1.37224579 0.01468183
4.27348566 1.03306901 0.26202509
3.74639630 1.52149069 0.31309512
6.11995125 1.54246831 0.07884309
5.90713167 0.09332640 0.60450256
5.39343929 0.71437442 0.44938090
5.25639200 0.27061436 0.20870979
4.36936903 1.81340122 0.24760409
3.15147495 0.78033680 0.32470310
3.52043414 0.99138421 0.11977325
4.09024048 0.29210404 0.17576639
4.35431957 0.56949246 0.03564740
4.00778723 0.06720604 0.15100694
8.50662422 0.96562761 0.00415493
5.54803610 0.70559198 0.32926074
4.90719604 0.81850946 0.38181353
4.50244045 1.59324372 0.29655057
4.65432262 0.07980325 0.00272714
4.48814821 1.47165251 0.05615023
5.25287533 0.65028250 0.09111878
5.02337313 0.68248367 0.05913615
4.67010260 0.23925367 0.38462949
4.67463779 0.62964863 0.03469291
3.51668477 1.64579344 0.05264160
4.78135729 1.11258662 0.42995244
4.91904926 0.73562390 0.21744458
3.08000493 1.02926803 0.41585118
3.91248679 0.98373610 0.40230048
4.80241776 1.12057006 0.32964742
4.27774906 0.39317003 0.34775272
3.80937982 1.96183586 0.21038318
4.61601830 0.09466121 0.40099940
4.65413666 0.81780529 0.28144592
6.11500740 1.31300569 0.05408351
3.03675532 1.85290623 0.02224899
4.99874878 1.84943318 0.10839785
4.89045763 0.87929642 0.34451097
4.70420265 1.71538389 0.25784680
4.17700720 0.60639697 0.38560930
4.02903509 0.09981764 0.50805038
5.45631218 0.08947504 0.73330486
5.13275814 0.72975415 0.12318678
4.96959019 0.39319810 0.03130619
6.27579355 0.17087960 0.15182722
1.78887928 1.58823264 0.01587791
6.15162230 0.02194527 0.22355959
4.88050747 0.34974676 0.42743066
4.65055943 1.66811562 0.18527813
4.38008451 0.44609472 0.22557512
5.39425755 1.01092386 0.39129615
3.36881495 0.12847638 0.18885455
6.07792711 0.48981801 0.07854164
2.19991493 0.55936158 0.24941626
4.77398396 0.95037544 0.39772066
5.47422504 0.37530500 0.20224063
3.36852479 1.74035585 0.03949444
2.96939230 0.33557808 0.62579930
6.06104708 0.30444938 0.12416549
4.11680365 1.04521179 0.39690876
4.96298265 0.63219178 0.02882395
3.60251045 0.76962870 0.52522421
4.99695969 1.81233811 0.10484637
5.48152590 1.98213494 0.04015015
5.90890789 0.22067505 0.10082575
4.68982983 1.97266924 0.32932228
6.02937126 0.01898999 0.51949328
4.68838882 0.07014232 0.11803536
4.94564581 0.44378653 0.40671015
4.43906689 0.44744146 0.48901200
5.69122887 0.43700340 0.30583498
5.24027252 1.58558393 0.15210922
5.14315987 1.71853518 0.17918868
4.52728271 1.37321854 0.12799825
4.22242785 0.42511111 0.55477411
4.79332685 1.53511608 0.15809545
6.20107603 0.05356880 0.13608743
6.69501781 0.74371159 0.02370238
4.96433020 0.92633331 0.05313508
3.56777215 0.45917416 0.24433722
6.34271812 1.27707338 0.00518200
4.13634920 0.10562889 0.70090127
4.09334707 0.97722381 0.43044701
5.16035318 1.18572438 0.31430817
6.27458191 0.37861106 0.18655401
3.85323143 0.09342325 0.24929975
4.32502508 0.79394901 0.41043854
6.04870987 0.34919924 0.11201344
5.02333641 1.31345427 0.34550890
4.92341328 0.26698795 0.04114961
4.24181128 0.81241983 0.03239799
4.58901453 1.65133870 0.20042410
5.54125071 0.05114140 0.14394465
5.50977516 0.49921879 0.41279396
3.54749608 1.43991840 0.24196729
4.69017696 0.98109227 0.09306415
5.17111158 1.05876267 0.03079576
3.17491245 1.75490332 0.27463213
5.02996731 0.83185142 0.19400668
4.12938643 0.71079177 0.04098796
3.76523376 0.86318594 0.49893144
5.19374704 0.72574174 0.45494464
4.69868374 0.81385845 0.33402330
6.92634869 0.19242832 0.43367931
3.79914474 1.64685714 0.23502228
5.87758017 0.50526398 0.46117696
4.84280014 0.10292694 0.43611223
5.44149065 0.47591990 0.49170607
5.21346378 0.09789763 0.43758729
3.46966147 0.54509550 0.47127408
6.12565184 1.51394081 0.13983697
5.39191723 0.62248564 0.02980956
3.33225679 0.70293152 0.16604945
5.03562498 0.87689614 0.07548044
4.64458132 1.74994826 0.04690062
3.98118949 1.58881104 0.24326989
4.93225956 0.37723032 0.37412980
4.06039238 1.97333646 0.00788336
4.82469606 1.94962311 0.24113908
5.61562777 0.21593040 0.00851345
4.88531017 0.03957072 0.28475973
4.13009024 0.82643080 0.37360778
6.02628326 0.77311915 0.03505877
4.24149466 1.40849793 0.30840427
6.41365671 1.18636072 0.07497393
5.02202892 1.28298068 0.31897730
4.71085787 0.29013228 0.35403708
6.35053444 1.54485607 0.08711601
4.11100435 0.41671121 0.59943748
5.18219328 1.52841437 0.27635363
5.85732985 0.49212390 0.07403054
7.74789810 0.31448641 0.10655950
4.85423899 0.81381923 0.11340879
6.48097277 0.53058726 0.08423859
7.19921589 1.55341351 0.04547332
3.51234531 0.46688664 0.17802472
3.60331535 1.05008352 0.06402323
4.93356323 1.47702086 0.05302845
3.57556701 1.46385419 0.26783732
4.14418936 1.45669866 0.21097723
5.16484785 0.61760980 0.24350931
6.57773352 0.56155151 0.13855593
5.61091375 0.17473470 0.55314672
4.15977812 1.96006644 0.11885216
4.17426920 1.60074151 0.30968547
5.36158514 0.71264076 0.22295237
4.99753904 0.92773241 0.21456039
4.91791248 0.50481397 0.12149604
8.13501263 1.11338866 0.13622217
4.84189272 1.92781556 0.20505495
3.94746184 1.30400956 0.03481342
3.42410421 0.48721302 0.40323892
5.93109941 0.95690387 0.31876370
4.83760309 0.42387709 0.05792755
4.86584091 0.23999964 0.04953389
5.60522318 0.31846955 0.44811037
4.84499121 1.05789781 0.23548314
5.52292204 0.42961279 0.22778772
4.53311300 0.60435283 0.16716151
4.68825293 0.35556629 0.45562947
4.71836948 0.47369903 0.34905323
6.42021847 0.21591230 0.17983435
6.11920357 0.79314047 0.13031991
5.42172718 0.99525195 0.27629828
4.16374779 0.20694847 0.69234103
4.47439480 1.64344049 0.34233731
4.57017899 1.08181679 0.39863360
4.52056026 0.88718039 0.27792421
4.93525505 0.06870315 0.27227476
4.82611799 1.83788872 0.23433009
5.69664335 0.13930786 0.13575697
4.46334505 0.19451514 0.29387182
5.15189075 0.90555292 0.45757797
4.05614424 0.55531299 0.32087615
4.77758265 0.50286394 0.10617758
3.39792109 0.15777303 0.32332304
6.23443699 0.29001817 0.30628309
5.00629568 0.51995975 0.27396798
5.79400158 0.71609062 0.27418298
5.40875959 1.87846994 0.02739088
3.32366848 0.65650499 0.08242676
3.90669298 1.44668376 0.08662798
4.35642624 1.00987577 0.31513873
5.24306202 1.03995633 0.31232861
5.41165924 1.60656214 0.07301464
7.16777658 1.29885817 0.12194839
3.65405273 0.27626505 0.50182068
5.15807247 0.75222898 0.02774093
4.47389412 1.17987311 0.23992272
6.74218416 1.22596025 0.02422672
4.73821688 1.29138017 0.33584130
3.93850398 0.36510757 0.56140637
5.20224619 0.56149197 0.12801331
3.98995090 0.15170132 0.40275896
5.18023729 1.14266205 0.38276264
5.10600138 1.96608520 0.07885107
5.87874794 0.09062265 0.30383143
4.74615097 0.84170818 0.50897056
5.16770172 0.92025185 0.32901126
4.71932411 0.79029053 0.23644236
4.80988979 1.12509406 0.26785451
5.83199596 0.52807319 0.18884766
4.95994377 0.23644245 0.67379671
5.08994055 1.80215287 0.11758713
2.84891295 0.10648267 0.52662903
4.81408167 0.00151731 0.52983636
5.34815693 0.23314472 0.04029335
4.76569271 0.12760065 0.38976356
3.40091228 1.49006331 0.40403795
4.55360699 0.76382238 0.52285105
5.65254307 1.48270500 0.12338448
5.70505905 0.48922449 0.56409168
5.81921053 0.09011681 0.20855689
7.21921539 0.07517799 0.38898826
5.56470823 0.49834630 0.52467847
4.48392773 0.84228754 0.42644930
5.38077879 0.35583752 0.24881333
4.59305477 0.07933404 0.51413876
3.54410410 0.78386372 0.22352952
2.73143244 0.80069780 0.35741737
4.84787226 0.22169097 0.28510875
4.70183134 0.80122697 0.09556999
5.35950232 0.43421939 0.24222769
4.16458416 0.46616742 0.42861515
3.21006799 1.69254446 0.06611154
4.97915506 0.96941346 0.35967976
3.17413640 0.97114182 0.05438852
3.99795961 1.20578206 0.03169886
5.17485332 0.75006557 0.36577615
2.69680405 1.24727190 0.37703305
5.06967068 0.74176115 0.10572191
3.28844094 0.56117725 0.56037313
5.04528475 0.89808935 0.41308922
4.66782856 0.15002957 0.07611930
4.75259256 0.41316009 0.24942018
5.68771315 0.60413599 0.51683968
3.96533179 1.50498486 0.21958457
5.49864435 0.74884254 0.07619002
5.17400312 0.22353368 0.25694919
4.92684889 1.06543660 0.23860019
4.84026289 1.00491631 0.38490692
5.75068760 0.49317738 0.51232326
3.47674155 0.99616754 0.39866310
4.38042641 0.39681920 0.25717732
4.29902506 0.25925362 0.31149036
5.10033607 0.50732958 0.07301985
5.27108717 1.64189637 0.13941363
3.92369127 0.98104614 0.05658075
4.71266842 1.80635929 0.01297304
4.73109913 1.50057566 0.21033253
6.31056929 0.68531573 0.47904533
3.98048830 0.31754103 0.47799990
4.90680361 0.10670669 0.08969855
3.69103312 0.30958048 0.14571337
4.69746685 0.64440453 0.27185556
5.96675301 0.18215245 0.33181429
5.63908434 1.66107988 0.11179311
6.16191149 0.01324574 0.39598927
4.99025488 0.49903047 0.41218325
3.72660613 1.09829116 0.30404297
4.48196507 1.77858114 0.16027182
3.90196609 0.41220012 0.56957024
4.94056654 1.02271557 0.02373327
5.17921877 1.41222227 0.03210159
3.29168701 0.78052872 0.06413756
3.52929854 0.34619862 0.11450934
5.55192518 0.05204915 0.38574079
4.83008862 0.79021960 0.18241644
5.57002115 0.41815361 0.18026742
5.71377611 0.21756470 0.18690822
4.99074459 0.96041578 0.45453760
5.88148975 0.38532227 0.08865313
6.21939421 0.24950565 0.04847392
5.06761265 0.40017369 0.39686653
4.51031780 0.37212121 0.62656909
4.36692953 0.15391566 0.66646922
6.05409718 0.77768517 0.27408174
4.51977491 0.62217522 0.49721479
6.27915764 1.31791079 0.00355624
5.29616213 1.89627647 0.06420304
5.06878948 0.82650095 0.06674615
4.19741821 1.02134871 0.20459573
4.77072620 1.41256297 0.26217908
5.10666132 1.57241261 0.06325588
4.16953754 1.59702802 0.27293390
6.09925318 0.51260048 0.12807132
4.09850454 0.57513416 0.54950792
3.23289156 0.64533973 0.18596637
3.36374807 0.50342369 0.46306670
5.55843592 0.11145457 0.51327986
4.00996494 1.28097796 0.36958104
4.41174984 0.74807334 0.36240849
1.27019763 0.86516327 0.14539494
5.43078899 0.77983749 0.26732799
4.88948298 0.48734194 0.54342586
3.88800693 0.64010215 0.24527875
3.04764223 0.59540844 0.51206231
4.32702351 1.70596957 0.00783907
3.70306873 0.78353983 0.44893026
6.24150229 0.86798024 0.11090699
4.00809288 1.68119764 0.35913265
4.11503363 1.57985342 0.02002503
6.08628464 0.70098341 0.24136204
5.48815155 0.08889167 0.16984808
5.09581137 1.21776938 0.27997646
5.62412834 1.17080605 0.06445029
4.89775801 0.09075498 0.49954584
4.47777176 0.24907255 0.55292594
5.61406660 0.68681192 0.42180413
2.42674041 1.91001749 0.19086996
4.75317478 0.50059974 0.42849571
4.10988951 1.67967963 0.11338519
4.41725731 1.12906218 0.42969415
7.15802670 0.39868259 0.50216001
6.40890980 0.55339998 0.53476554
5.12676191 0.78303450 0.27805370
5.59783554 1.16128755 0.05705681
4.54827213 1.50830460 0.20047075
4.66119814 1.51710689 0.30400738
4.32920837 0.63395160 0.27192417
5.37007427 0.85083318 0.08028264
8.41620350 0.62212992 0.17201772
5.11065197 0.02382730 0.38057691
3.80477357 0.38840842 0.55226725
3.94741583 0.26723084 0.41155586
4.46563101 1.45399225 0.31099063
7.56051445 1.94295347 0.05985811
4.69122267 0.80006731 0.51311338
4.78609753 1.02458382 0.42091480
5.81824398 0.85668856 0.42152125
4.02544498 0.80346513 0.05076669
5.14361954 0.35270727 0.38569617
5.53481770 1.00012934 0.31410816
4.88972616 0.41789824 0.59963733
5.19621944 0.23241450 0.56848854
3.70902848 0.79365373 0.13070683
4.08050346 0.48842102 0.16644368
5.30198860 1.19070077 0.07098965
5.20241356 0.96603799 0.37708992
6.00384855 0.36717549 0.36921081
5.31201077 0.60533917 0.46354091
5.28802490 1.60806167 0.12402528
1.89860797 1.95713449 0.02833521
6.68891907 1.84243894 0.12460981
3.98990941 1.38514435 0.05872628
4.66566038 0.58908260 0.32557392
5.78815651 0.24530673 0.29911840
2.90359950 1.89675915 0.06959202
3.35824633 0.92674452 0.49702877
5.04860210 1.51853883 0.26083931
4.94658089 1.33846581 0.25878769
5.93083906 0.01747962 0.38562742
3.95646501 0.03456476 0.72768104
6.68133926 1.24990678 0.11849323
5.28536177 0.13191123 0.13167322
6.41139507 0.67373633 0.12172346
4.40789413 0.29213616 0.54283601
4.65376949 0.57600862 0.08618142
4.35915756 1.19279718 0.26940161
4.62779427 1.51187599 0.29424265
5.19799185 0.66699183 0.08625466
5.28257084 1.00031793 0.04334939
4.79907513 0.60957849 0.15600078
5.08188057 0.66872013 0.13222146
1.14270473 0.78728271 0.38573313
4.74150085 0.18707068 0.07760627
5.49263763 0.97114277 0.12128347
6.27887106 1.61322486 0.09196352
5.76237249 0.31714678 0.04913242
5.59793997 0.20771869 0.49616963
4.68306303 1.52180529 0.15979442
8.18931961 0.27863988 0.34988979
5.43530607 0.08689767 0.32550648
5.81004572 1.06361842 0.09994777
6.23030853 0.80913311 0.02398476
6.41688776 1.90403867 0.12673812
4.07097864 0.31104961 0.56661034
5.30466747 0.46157637 0.52798772
5.50364208 0.57904673 0.16156322
3.91593933 0.44929320 0.30173665
4.59843254 0.21948694 0.06676723
5.61563730 0.18942887 0.39069757
6.90308237 0.29680997 0.31965661
4.54185772 0.65094948 0.48732546
4.34513092 0.19706637 0.14609699
3.74163985 1.37855816 0.27274182
6.12023449 0.19014269 0.30151600
5.24571037 1.73973548 0.09613200
3.88363004 0.93344069 0.41292083
3.24581742 0.56261033 0.05088456
5.20230103 0.39137927 0.21073294
1.73302364 0.03463849 0.55929673
4.27832317 0.19539487 0.24706076
6.01545525 0.73078823 0.12164978
5.91960287 0.38365176 0.50357646
4.55209923 0.43883327 0.59213459
3.70713139 1.34138739 0.20044380
4.24690962 1.40175343 0.11434973
3.91961598 0.48562279 0.06824559
4.45281315 1.82450390 0.17897758
6.47873783 1.91472304 0.18446198
5.81147432 0.35428390 0.23103033
3.72796154 0.95099968 0.25511038
5.31795645 0.86237055 0.20718029
5.06487036 1.09921086 0.05766284
3.83447361 0.49442548 0.44434872
4.38677597 0.93843490 0.49697372
4.58357954 0.51995355 0.32723838
5.35598469 0.70592761 0.18742438
4.95970869 1.47419333 0.13941069
3.76094031 1.26311791 0.45660609
4.46560860 1.41184533 0.22085723
3.85380459 0.38671985 0.41716996
4.56285334 0.94514823 0.49202201
4.77692604 0.34031716 0.06086786
3.06957030 0.42246169 0.13462289
3.54463458 0.73178828 0.13239270
5.74605560 0.04361840 0.23335472
7.95691824 0.40607446 0.10093737
5.12225533 1.04346240 0.36172104
5.25877428 1.98095322 0.17650740
6.18528128 0.57897413 0.03072753
6.03323650 0.12622236 0.00903550
4.86793184 0.01297272 0.24211776
4.99118137 1.59678102 0.23471385
3.86308861 0.00870991 0.03569308
5.09259558 0.93758571 0.06941581
5.48009968 0.78216106 0.27094719
4.75210524 0.15358028 0.58691227
4.33529472 0.86131096 0.33897269
4.73238039 0.61489731 0.34399971
4.71157932 0.84344578 0.34708166
5.33673286 0.26092601 0.64991844
6.95142841 0.21868423 0.46829420
4.40492439 0.82949466 0.46390450
4.74502850 0.78309929 0.06618010
5.20315790 0.52108914 0.42006341
4.33728981 0.21443118 0.61753732
5.77759314 1.47141218 0.11508088
3.73677444 0.51408941 0.49398372
6.42882252 1.45592213 0.00270046
3.38437033 0.33217853 0.62984043
3.64894772 1.01141763 0.07255249
3.94159055 0.44765571 0.16047299
4.41709232 0.82597661 0.06599281
3.11485982 0.49714556 0.26136523
4.96893692 0.15401283 0.41240454
5.32980204 0.58531040 0.18973029
4.77054548 0.09099264 0.56567848
5.17934370 0.28920346 0.20417492
2.86322999 1.33460355 0.42620566
5.06732035 0.71477646 0.10108368
5.32767534 0.39124131 0.55502802
6.43873978 0.22791319 0.62697715
5.22029829 0.59861040 0.33565804
5.42328072 0.39809710 0.55794495
5.21126986 1.18887806 0.08539291
5.23865128 0.79544055 0.36054379
6.13217115 0.33539027 0.02986086
5.73807907 0.09462948 0.21426295
3.52292347 1.23029530 0.09413543
6.28882074 0.82893658 0.08374833
3.92194343 0.91951299 0.48649502
4.35022449 1.41803646 0.13069810
4.53606272 0.20394148 0.36303747
5.25057697 0.00571355 0.64857012
4.73377848 0.76443475 0.46792433
3.45107913 0.14858182 0.64857185
4.54734135 0.16677165 0.19976167
4.70225239 1.69482958 0.28226438
4.48899221 0.05936961 0.44074878
4.22122145 1.55782676 0.04771274
5.53010893 1.06004691 0.34336182
5.43961477 0.04632706 0.35921097
4.98036194 0.15195140 0.69616747
4.68167067 0.23972091 0.49422479
3.46196032 0.35308453 0.04947896
5.35280752 1.46338725 0.03132730
7.54451275 0.05161969 0.51492780
5.12607908 0.24560121 0.56114167
4.15985441 0.58836091 0.08633243
3.36639380 0.08669559 0.42106339
4.46088219 0.76416945 0.37509671
8.51746750 0.05303705 0.11755373
6.05599785 0.05297620 0.27755973
4.96641636 0.36916345 0.12104006
3.68430328 1.44774365 0.14235628
4.59193468 0.49458972 0.03914463
3.59732580 0.35316834 0.58555007
4.25296211 1.12491143 0.36100811
8.62166977 0.76861727 0.02768107
3.87214351 0.86132598 0.44082618
5.40336037 1.08636069 0.31958890
4.90336990 0.33144754 0.42189637
3.85452724 1.43849540 0.32118028
4.14754868 1.68272555 0.23657452
5.00254297 0.92553401 0.38136971
3.44631195 1.00338829 0.28050962
6.17130518 1.09362674 0.11617836
5.33117437 0.73901844 0.08576888
4.28968477 0.61433667 0.43667647
4.96575451 0.53665459 0.49845985
4.69093895 0.34060365 0.31959394
5.13553476 0.46969825 0.44740996
4.83718157 1.09600449 0.41991490
4.96264935 0.76636595 0.19371438
4.49302387 0.01498200 0.47314742
4.49523687 0.85616308 0.27093065
4.26174212 1.21115899 0.37055635
3.91808200 0.40226966 0.49549827
5.86270428 0.39835611 0.48674506
4.55631590 1.39733422 0.10685378
4.63293314 0.23473763 0.36459807
6.87911654 1.51272678 0.00047221
5.22785473 0.25278986 0.52620679
6.06012297 0.49218860 0.51557124
5.03629303 0.50315654 0.41392648
5.68171930 0.08473670 0.65812778
3.67883229 1.13142407 0.43491548
4.23121786 1.47516859 0.38080913
4.30772400 0.18750621 0.48022354
4.56020594 1.00149572 0.04022400
4.04363918 1.25813699 0.01846338
6.37216616 0.73323059 0.43968681
6.44419241 0.56678301 0.08690747
3.84676504 1.82459271 0.38002339
5.55499935 0.30209306 0.02580854
4.29904556 0.33632323 0.61267829
5.06536055 0.76030773 0.35791564
1.42990673 1.97823060 0.98492342
4.61588717 0.75456887 0.37316877
5.64153194 0.39411414 0.20881011
4.76094389 1.51581025 0.13351458
5.94107485 1.07254815 0.06533594
5.26280642 0.86883676 0.12077471
4.31445932 1.20130932 0.22061424
5.68898964 0.26730281 0.36044300
3.53822374 0.98586702 0.37695825
3.94107223 0.74185586 0.53119981
5.76205397 0.17109920 0.38783759
5.28351212 0.45728973 0.45222482
5.64328575 1.02291608 0.06618124
2.92212605 1.31058681 0.08205780
5.38757133 1.23787141 0.11539520
7.24204540 0.00968348 0.65829474
5.10756969 0.35259023 0.02290396
3.52812839 1.93748748 0.29687113
3.99826741 0.95825559 0.38022754
4.41920805 0.73076797 0.21121730
3.13146067 0.19436027 0.38389191
6.35373878 0.00476835 0.05830294
6.27504539 0.55190325 0.02051825
3.89988089 1.39117301 0.24214168
4.89880657 0.60864091 0.02559247
4.60171700 1.15100944 0.39025131
5.88453627 0.94949734 0.36351562
4.55804682 1.06181359 0.29608262
4.22851133 0.74998635 0.54083997
5.14719343 1.87407970 0.09828868
5.71782875 1.84786975 0.24140383
4.40980864 1.33531666 0.23726125
6.89286900 0.24977194 0.20157625
3.93007565 1.35158885 0.21932168
4.50451231 0.25565127 0.59683722
2.66632152 1.13306439 0.50279665
4.87904310 0.27860981 0.53533089
4.24629974 0.35205656 0.35570753
4.62102079 0.46832159 0.16219446
4.59462786 0.22360286 0.44174275
6.07038879 0.30920365 0.57552564
6.03725195 0.00533951 0.55117875
5.29386711 0.32793409 0.42639121
5.11571836 0.50355369 0.55449671
3.80748916 0.07205100 0.65621042
5.27951717 0.55401558 0.29044512
5.30087280 0.57056451 0.22265616
5.46088123 0.11726855 0.52202576
4.83915329 1.62607181 0.12962872
4.86871004 0.43886277 0.36933321
4.90508223 1.88611615 0.14208886
3.08241343 1.89209723 0.35996434
5.04535675 0.48083356 0.08634674
4.84239674 0.96842366 0.04394136
4.12320232 1.08483648 0.03497246
5.93386793 0.30405352 0.21533959
5.39819717 1.70913672 0.01090537
5.96216774 0.65054774 0.01578009
4.69666243 1.51464772 0.17891826
5.17087078 0.65624559 0.35222867
4.72026157 0.91155666 0.09979696
5.36151743 0.36970076 0.32093731
5.75059462 0.22938296 0.33677119
3.46669078 0.60381413 0.41546422
4.09350967 1.54980099 0.29548430
5.02098370 0.67307711 0.21411283
2.83835387 0.63386106 0.50421548
5.18131399 1.04962909 0.10070807
5.24019623 0.25061700 0.26322275
4.26207209 1.32396662 0.38557714
5.25585413 0.45282578 0.04058528
4.71116018 1.09277570 0.29541090
4.75175142 1.74190104 0.15336128
5.27076006 0.71432656 0.19242993
5.03930950 0.19087884 0.24190781
5.48854208 0.23006886 0.26777565
2.34490085 1.64208722 0.24846126
3.94579935 1.34341574 0.31582484
4.82177114 0.25031835 0.09362142
4.64032078 0.78161961 0.43467012
5.31420898 1.26902199 0.07916895
4.36471987 0.64789599 0.30012891
5.49423075 0.93322092 0.23928978
4.58501005 1.38410413 0.26939446
4.04532194 0.54813391 0.39762852
5.85083771 0.84830403 0.11826766
4.65984154 0.18593881 0.48953646
3.06845331 0.32168248 0.25442901
5.19810247 1.07363868 0.01256379
5.23389149 1.62210810 0.04012024
3.55536914 0.35435691 0.29142812
4.40654182 0.97776961 0.38754964
4.03043842 1.46295917 0.17468233
3.56665945 0.64545482 0.55193621
4.93208408 0.49587059 0.09162397
4.62696218 0.47343135 0.59422660
4.57046175 0.80110610 0.19431734
5.15388298 0.57259893 0.38496917
4.78539801 0.30592960 0.10555037
5.38877821 0.55223984 0.24809149
5.37565184 0.81276339 0.05341821
3.15447664 0.48846129 0.26567915
6.20204401 0.98176318 0.04539576
5.35264111 1.73597097 0.03853185
4.86307526 1.52305937 0.27907050
3.13143730 1.84779191 0.29961362
5.23852777 0.05773244 0.28361210
4.56845379 0.58613259 0.54626089
5.94990826 0.97783703 0.04343017
6.34287214 0.14770420 0.30583662
5.54009199 0.49468979 0.30387011
4.83687687 0.25071028 0.25478789
5.00415134 1.66292262 0.19602048
5.20576286 0.33567557 0.18583687
4.08997440 0.37130845 0.08543231
5.50121498 0.76040792 0.35824716
5.83519602 0.68353069 0.21748330
5.16491079 1.44525826 0.08760954
5.64898014 1.42194533 0.13285258
5.07012510 0.76976657 0.32284483
5.09958601 0.08558287 0.47410876
5.14955235 1.41219676 0.14351897
4.90828991 0.88635838 0.41554582
2.82932544 1.30813217 0.09918261
7.19329214 1.44588757 0.13529003
4.25590086 0.48658797 0.31545100
3.89431262 0.22783704 0.67266476
4.83918333 0.04565775 0.36093691
4.95590830 0.22786011 0.40694520
4.56511497 1.84821188 0.30486688
1.37796021 0.17456445 0.47908235
5.12405777 1.39025533 0.28701904
3.95019269 1.40064383 0.33849365
3.86768317 1.32082117 0.26047868
6.20842791 1.66193831 0.15602337
5.38160563 0.91378701 0.43105403
5.34872532 0.32907334 0.61860007
5.75121593 0.66229099 0.43648356
5.24432135 1.16832101 0.31150147
4.18753815 0.48346156 0.05401191
4.99925470 0.01031115 0.19577505
4.68649101 1.28663898 0.07724991
5.11660862 0.38098601 0.06619760
5.16596794 0.14469597 0.61924285
5.03648281 0.49473739 0.14396946
4.14007092 1.50605261 0.06882834
4.43370724 0.71063089 0.34336340
4.32102728 1.08408928 0.07999077
4.09197569 1.25493550 0.07494572
4.82694864 0.18714848 0.11100959
5.68159866 0.73912811 0.47763506
5.28972244 0.43549618 0.57526696
4.90032721 1.20937979 0.08024038
4.55668068 0.56777966 0.30930027
5.74620438 0.96479541 0.10482281
5.13295746 0.38981000 0.53684098
5.17792940 0.51826745 0.32326835
5.52945423 0.32786068 0.29944441
6.31972075 0.78195852 0.03392313
5.45795298 0.22223194 0.05288413
5.94098759 0.31082410 0.47759938
3.75171185 1.33937120 0.41571239
5.26999044 0.94379652 0.38550377
3.93397927 1.37944269 0.23750794
3.30357933 1.07231069 0.21821412
5.26258612 0.76145613 0.15442804
3.68546319 1.78902447 0.07168530
4.88991308 0.26456609 0.62582898
3.80428600 1.70791578 0.28178558
5.39592791 1.42872107 0.12027324
6.48720360 1.50644386 0.09970550
4.80884218 0.35954568 0.55505222
4.51249409 1.16148841 0.35966042
5.66959524 0.31372049 0.55158728
5.29652262 0.52001637 0.34881288
5.47571707 1.43432140 0.05334430
6.40302610 0.65744096 0.25422841
4.34871197 0.86873192 0.43117031
4.60099602 1.34126985 0.36055085
4.11646986 0.37098637 0.16723038
4.10467005 0.92331892 0.20027916
3.70575595 1.49519432 0.25667530
4.24547148 1.72897136 0.20671839
6.06532001 1.92334402 0.11008734
4.53771305 0.00029281 0.21080422
5.02205515 0.09369422 0.13589790
6.62613487 1.43536699 0.03509579
4.97088909 0.65019053 0.15549764
5.72322273 1.08839571 0.26402387
6.13247442 0.23079255 0.59423894
5.84444809 1.43065512 0.04968676
4.58129263 0.43490419 0.44934025
5.34844542 0.96893096 0.34098247
2.90046644 0.88463140 0.06054828
2.87776518 1.24422050 0.26592070
5.48143864 0.73887926 0.26345912
4.28629684 1.40843189 0.09317616
5.30421019 1.41838598 0.05801892
4.51960897 0.50128222 0.36707649
4.91993332 1.85781395 0.29439601
3.77572846 0.76715106 0.02549103
5.50232935 0.74139458 0.18702427
4.76659012 1.03922021 0.34355298
5.40779305 0.58533722 0.16471840
5.30985165 0.93616730 0.10636052
4.10732985 0.11328037 0.29922372
4.61140394 1.33795226 0.10945971
3.50637102 0.62489623 0.16477658
5.10174084 1.01354444 0.07887223
3.63961005 0.16244157 0.09067947
6.35012960 0.32067552 0.61851656
4.25019836 1.47165132 0.11026514
5.16299343 1.01385641 0.36094809
5.96337080 0.10977861 0.48807740
5.81944513 0.73005170 0.18788214
5.54084396 0.27523321 0.07617884
4.39135170 1.43881989 0.34029719
5.49703550 1.37047780 0.10131172
4.74479818 1.25470197 0.31246936
4.82657290 0.94407099 0.38877773
4.93746710 1.04845488 0.33132759
5.31012058 1.21193826 0.12071438
5.26364851 1.20602238 0.28703710
4.90324450 0.93983996 0.29275906
4.72349977 0.11955021 0.19702114
3.59110665 0.48779291 0.15828645
4.11600256 1.99322224 0.32329312
5.09926605 0.35979012 0.43588206
4.99502945 0.67361718 0.51616913
5.54725409 1.66799533 0.18666983
5.41751099 0.77944648 0.20871218
3.86674690 0.05804718 0.74471688
3.95639825 0.60114974 0.24234475
5.45334673 0.07696074 0.36199453
5.01748800 0.20710735 0.65036619
4.98666716 0.35062429 0.17157425
4.85791779 0.82245076 0.32246935
5.72602749 0.34838203 0.52697742
4.86787987 1.61937904 0.00938701
4.45522451 1.33286130 0.21270512
5.23020697 0.69105637 0.35089773
4.49462461 0.33157420 0.18672727
4.24089766 0.75350887 0.35940719
5.40197611 1.98675764 0.27426258
5.27399540 0.80440986 0.04764567
4.08839130 0.51470822 0.30023772
2.45536184 0.36796233 0.41886997
3.94292855 0.18193477 0.52690321
3.98657060 0.88941240 0.40178436
5.41262436 0.03340019 0.63648552
4.25597429 0.89417058 0.09162696
4.50260305 0.71770990 0.29938838
3.67858839 1.39116013 0.01492853
5.48667955 0.78286707 0.29650703
4.34728193 0.94198120 0.06670592
5.76488638 0.11473741 0.70184308
4.95542955 0.77515000 0.41140518
3.87443376 1.39949679 0.06953235
5.46427345 0.22737758 0.09563176
5.73611641 0.10473748 0.13510348
4.53480768 0.70130944 0.31957850
4.72766542 0.99428231 0.30922189
4.13272810 1.14734173 0.42072019
5.89613819 0.79242820 0.11765198
5.87933588 0.51030982 0.21910615
3.63898540 0.65916294 0.30768695
3.71508169 1.77565372 0.31085014
6.10275745 1.02929187 0.33072954
6.86634207 1.79851401 0.03240500
5.48742771 1.02656305 0.24777555
6.23892975 0.42376247 0.03817561
5.82467699 0.77936894 0.27595335
5.07547998 0.10034741 0.03071172
5.46414423 1.94799018 0.23351794
4.39028692 0.93760329 0.02990735
4.41104507 0.74298769 0.06846659
4.10746384 0.75960177 0.35926229
4.66388655 0.58657974 0.21430707
5.51923180 1.67453086 0.06472956
5.77020311 0.61547041 0.26732704
5.12562943 1.21067023 0.04231635
5.87688208 1.27792299 0.00141814
4.59047270 0.80283719 0.24159648
3.43748450 0.58413607 0.57930255
3.28778338 0.41102129 0.11992449
3.76883054 1.35274446 0.32096037
5.23925734 0.14141235 0.67728698
6.48163223 0.77150238 0.02437592
4.24488974 0.84860152 0.40470842
4.98151636 0.21433547 0.53803051
5.16834211 0.20017500 0.50996667
3.68844056 0.41120374 0.53934437
3.76954269 1.57412779 0.31065345
6.24113131 1.52951002 0.03539413
0.78940231 1.97599053 0.77554303
5.44745445 0.76276630 0.17167780
4.92564678 0.83565301 0.25202480
4.90621138 0.57130456 0.20426707
4.44357395 0.84451574 0.07937114
4.29485559 0.40928501 0.40658924
4.58222771 0.34955969 0.43744987
5.85449648 0.22786476 0.15880561
5.54172182 1.76090813 0.02260532
5.04052925 0.54140466 0.16390280
5.49305868 0.55746478 0.48631954
4.88369560 1.56537294 0.27977014
4.66440439 0.52561557 0.56837887
5.89651108 0.00046321 0.51326370
4.99818230 1.84654987 0.01366797
3.35059714 0.62764794 0.31801397
5.33081293 0.73611498 0.37337947
4.34012556 1.39426494 0.34228238
4.37212372 1.18281484 0.10372814
4.23722458 0.28697804 0.11021913
5.42265272 0.79140347 0.37130401
3.23149228 0.56384903 0.13748363
5.97498703 0.74886525 0.30928037
3.56793261 0.94814467 0.26571265
5.01474190 0.92815965 0.38017073
5.62453604 0.56707156 0.23664646
4.27721453 0.62633985 0.29577398
4.19189882 0.36913204 0.27918324
8.11678505 0.11895876 0.55899918
5.24655771 0.72853488 0.34747040
5.09597063 0.63938701 0.14574236
7.07734394 0.06171518 0.19482765
3.28240752 0.87750793 0.45164388
5.91151190 1.62744236 0.13390358
5.05204344 0.80256248 0.09942701
4.31653833 0.22601388 0.66977221
4.73294878 1.05616271 0.41963267
5.20044804 1.51002181 0.06523848
4.51976299 1.73639297 0.25500232
6.02983761 0.26149866 0.48896745
5.41789246 0.31978676 0.04005830
4.53906631 0.39291671 0.39131531
5.43092966 0.70198864 0.20221192
5.61599016 0.53736842 0.31469706
4.69309664 1.41930914 0.27633250
4.24715996 0.82571471 0.39910176
5.12778997 0.17496632 0.43831763
3.58168602 1.43597460 0.00848160
6.13345051 0.04748702 0.62234312
4.61898232 0.07123644 0.31568918
3.76821303 1.14430654 0.35170099
4.85413599 0.13659488 0.62704289
4.56767368 0.69823581 0.31407043
4.49346209 1.45401704 0.04494431
6.06675816 1.45932233 0.11525865
3.20496249 0.01003063 0.29533717
5.18860579 0.65951872 0.18840981
4.60216331 0.76134169 0.28863180
4.51881409 0.54145473 0.11686777
3.12870550 1.67999721 0.27260303
4.66036558 0.00386884 0.37291515
5.35972834 0.94902450 0.30544013
5.28933907 1.68800330 0.02978814
4.20863104 0.03979367 0.59481674
5.56790018 0.56956631 0.53687143
5.20180321 0.29714829 0.60458404
4.35563040 0.89375412 0.41935283
5.20035028 0.34736219 0.20464180
5.65460634 0.13208236 0.58451670
6.04646587 0.64894670 0.12504761
3.13387108 1.92732430 0.34341726
5.36205339 1.28044796 0.11512205
4.48180723 1.63927066 0.19235724
5.77217770 0.71175659 0.16161416
3.43212366 1.67190695 0.30978465
5.01404572 0.39275771 0.17884116
5.08296394 1.68389440 0.13973837
4.74704075 0.65986061 0.53106648
5.31547356 1.15319347 0.32971853
6.13783312 0.44541276 0.23543563
4.50149679 0.03798709 0.03356825
3.05672288 1.84224927 0.04158766
3.01539707 0.59257495 0.06935576
4.40957785 1.31609190 0.02037100
4.17420340 1.05973613 0.46702498
5.15651703 0.97373319 0.21197222
3.17742419 0.14815995 0.38198882
5.15331459 1.23199689 0.10388501
4.72364855 0.95178527 0.46920541
4.40536928 0.27074265 0.58331579
4.62376356 0.56549227 0.21570893
5.17680073 0.81982380 0.33655462
4.62149191 0.04824753 0.37698743
5.50992680 0.98403734 0.12184457
4.85491323 0.71382523 0.50545126
5.15683889 1.67206478 0.12804866
5.95963430 0.49025029 0.23483458
5.73297739 1.17371619 0.02209075
6.18440962 0.01661923 0.13166891
5.64088440 0.35439304 0.44764444
5.81058598 0.88439006 0.23903932
5.16154909 0.07859930 0.06102480
4.50604391 1.82584298 0.05842940
4.94101858 1.60859191 0.31791845
3.89586115 0.37405664 0.03936461
5.91614676 0.05350916 0.40517849
3.62124419 1.17654502 0.30676985
4.83572149 0.17528860 0.30519921
4.62952852 1.07689643 0.28761420
6.25951290 0.47729757 0.46769154
3.88877749 1.53801203 0.15558530
5.75180960 0.91724437 0.10583621
5.09121799 0.76744080 0.29140642
4.69436502 0.72471309 0.32949167
7.22283840 0.46439511 0.43222889
4.91821384 1.35180283 0.09377834
6.08179617 0.87486732 0.09895031
3.63139844 0.10579944 0.72307283
5.10160542 1.28543782 0.02601969
4.01225042 1.18304288 0.31592366
4.28169155 1.87682307 0.23099518
5.60180569 0.51824993 0.57533556
5.17173719 1.10473990 0.36883458
5.18021679 1.36684167 0.06136547
4.72698259 0.17543612 0.47724202
5.09031820 0.48592922 0.53320855
3.59272528 0.95281029 0.51396072
4.15857363 1.14205492 0.10512618
2.04330230 0.33827156 0.49009421
4.43019009 1.50540483 0.02396969
4.83982325 0.59729654 0.38105473
4.96218681 1.55634880 0.27672049
4.86637640 0.51347411 0.38742274
5.17299604 1.54192376 0.28142154
5.28465414 0.78780019 0.31158867
3.74726367 1.41632700 0.11744253
4.96687794 0.67006141 0.21763884
5.18395281 0.48764989 0.24837390
4.02698898 0.83836752 0.26964775
2.13891435 0.44767207 0.40925664
4.91727257 0.05248878 0.08589768
4.92417765 0.16477075 0.32909834
5.99345922 1.60074449 0.10858737
5.16981792 0.31902102 0.43544781
4.59107065 1.00632775 0.26852623
4.43665028 1.72669089 0.28405008
4.90638781 1.93074894 0.02032907
3.82331657 1.12709200 0.32032299
3.97758842 1.55525160 0.24195220
2.51750803 0.27336058 0.42632225
4.53582430 0.69381183 0.03105445
4.63472509 0.28944361 0.52227199
2.93249726 0.29929608 0.06707232
7.24703884 0.23574448 0.50470293
3.67546177 1.16292858 0.37277687
6.85127974 0.06489817 0.20016310
4.89608526 1.33734369 0.25627288
4.00280476 0.32422015 0.37183714
4.99340296 0.68663841 0.27189517
4.17709637 1.98523164 0.12574488
4.18220091 0.64370549 0.45309514
3.85291576 0.73211592 0.35896170
4.18464804 1.52194667 0.24732515
5.30060482 0.18405581 0.08399582
5.78027773 0.57614195 0.17857200
6.24008751 1.95882034 0.16583750
3.75686955 0.56319535 0.16976799
4.04309750 1.09722054 0.10908094
5.58752298 1.41604400 0.10448927
4.97509527 0.91322052 0.32371512
3.80751920 1.37695229 0.29970083
2.99404359 1.49289060 0.08566804
4.72053480 1.12465179 0.09406977
3.52196908 1.46163440 0.22539526
4.07755566 1.56266499 0.05671898
5.80212021 0.38369116 0.30565852
4.37651253 0.43700606 0.11491831
3.84807348 1.07173610 0.10918882
4.02029276 0.26194131 0.66394019
3.88037801 0.03630109 0.35982767
4.57534456 0.63649333 0.13780124
5.28194046 1.03324211 0.11506356
4.18959999 0.78633749 0.30734470
5.13449526 0.03443084 0.31277201
5.20410299 0.03179949 0.77374941
3.81441569 1.96802330 0.35509071
4.95496941 1.60259306 0.22403939
4.86594057 0.37717184 0.27475446
4.30469322 0.37334645 0.12390791
5.25729656 0.97310114 0.40979621
5.14448309 0.10813198 0.30996099
4.90905666 1.20478714 0.28973424
5.22411537 0.78457373 0.21426596
4.53396749 0.16740905 0.43346775
6.81341410 1.59824324 0.13691592
6.75488806 0.01347725 0.17071590
5.94460917 1.64950025 0.10777593
3.92395735 1.95018208 0.15597667
4.99357510 0.93336606 0.02971836
3.11522198 1.72079420 0.34368727
5.12500429 1.43996310 0.26576015
3.84565616 0.17914259 0.61643362
4.60534096 0.40502590 0.36201537
6.81466436 0.09773924 0.38314623
3.93486929 0.87164569 0.06764352
2.79880738 0.16920635 0.32527128
4.64367867 1.61689603 0.18910637
4.20186615 1.63626671 0.09841330
4.94475794 0.05660031 0.21086039
4.20609331 0.74330753 0.54608166
3.88852406 0.34087506 0.54894382
5.17140102 0.78283733 0.48234591
4.70332623 0.63599014 0.10552419
4.93557358 0.36656642 0.46818212
5.26297331 0.87673301 0.22479294
5.26135349 1.25189340 0.29467350
4.48073387 0.24254538 0.54821974
5.78759813 0.95651627 0.05258851
2.98707986 0.04350336 0.45809296
5.53214979 1.51530182 0.10835131
4.89334631 0.41336817 0.44343188
5.51758480 0.14453487 0.25350475
5.36694479 0.46523076 0.36395431
4.83383989 1.51552832 0.16825961
6.99699211 0.08936968 0.47803414
4.58962297 1.41054749 0.28572795
4.98629618 0.20228601 0.43459630
5.64097881 1.88639092 0.11868285
4.17252159 1.27501965 0.30593571
5.27809906 0.49054733 0.09119347
6.01142120 0.53837001 0.04952709
4.77577066 1.30814791 0.37370348
5.27264977 0.73139352 0.28100219
5.38487291 0.49324587 0.20014952
4.55606747 1.42724001 0.09215046
5.32461739 0.46119630 0.34357893
3.56662297 1.08612299 0.08592101
4.91475630 0.32564953 0.11779077
5.32107449 1.82820237 0.20371456
4.63558960 0.26566544 0.54769933
5.75950003 0.49114314 0.05230828
4.35653257 0.69471407 0.34193754
3.96953011 1.01449227 0.39553526
4.10635662 0.58098865 0.24357854
5.07718706 0.62985975 0.12786023
2.60397053 1.10877085 0.40693986
4.51019764 1.26435971 0.26336020
5.08946705 0.25624463 0.09631500
5.70387745 0.55656230 0.26812446
6.52776527 0.15007986 0.47180432
3.27532721 1.40351653 0.10174131
4.79455376 1.88684881 0.15297428
4.65677738 1.58992994 0.25878251
4.69674444 1.94451749 0.19841658
4.47178507 0.54658526 0.29083967
4.59160709 0.85664201 0.40167311
3.68913531 1.23894262 0.27346393
4.92582893 1.66149592 0.30139363
5.25853062 0.22115475 0.53581029
4.50366640 0.58926725 0.05352614
5.45786381 0.89686126 0.39274132
3.91612411 0.43874875 0.20001060
5.39092827 0.86808109 0.31382057
4.81367445 0.57330185 0.27647752
5.46751165 0.38663813 0.02748616
5.63676167 0.34631380 0.45304102
6.35144567 0.51423955 0.43283102
6.02795506 0.12933518 0.59683496
4.06757212 1.82411802 0.23927808
5.70232821 0.20232072 0.49906233
4.70212460 0.34509456 0.02724086
4.20140028 1.25007212 0.25958163
6.45071888 0.42646894 0.49480346
5.11857462 0.18436624 0.26341265
4.86316252 0.39387962 0.37813884
1.05185282 1.58640909 0.48320675
4.17675495 0.48157132 0.35481924
4.47563934 1.79126811 0.27345854
5.04332399 0.14658503 0.34148404
4.40942669 0.44110593 0.05425555
5.04430628 1.24484468 0.24374369
5.52817011 0.17193747 0.22887768
5.12349081 1.13948953 0.09965152
5.78373051 0.03296800 0.69006175
4.80641222 0.72963852 0.22206794
4.65954447 1.40361249 0.02938475
4.45823812 1.46237504 0.22437532
5.57392406 0.01364008 0.71326602
6.07816935 0.53974056 0.44611412
4.59261179 0.96786880 0.44251767
3.56580329 1.51182306 0.08654770
3.34918165 0.60871822 0.50841796
2.00415516 1.04499054 0.07423460
4.91975689 0.73590511 0.47213018
4.27566862 0.44364703 0.42103097
2.91037345 0.52015084 0.40634838
4.41277122 0.07077179 0.28038400
4.46098471 0.17641354 0.21789035
6.84244394 0.64191222 0.25666949
7.00887346 0.47197238 0.10201190
5.88538885 0.98223096 0.09468556
4.55558777 0.90250272 0.30473188
6.71581697 0.89074206 0.03631021
5.04268503 1.25032127 0.03051450
6.89322853 0.85994542 0.10937013
5.57536840 1.58707643 0.11961643
3.84352469 1.35930681 0.22653244
4.63291264 0.36875081 0.45904356
4.04255533 0.62038773 0.55949223
3.67366815 1.99225104 0.17038341
6.75987196 1.31636238 0.10478554
6.43291807 1.15366828 0.01445093
5.94688034 0.40514946 0.24582522
5.81130648 0.06448023 0.57947606
5.98410892 0.63711488 0.44589135
2.75165701 0.67920798 0.33040041
3.49311137 0.01176490 0.59340447
5.45316601 1.09899604 0.07346235
5.39960289 0.19382468 0.11097281
4.66731358 1.41440547 0.30437803
5.45867157 1.54595780 0.09298319
4.18226337 1.59445763 0.11267201
4.58541536 1.92403281 0.30469984
3.96608734 0.43385759 0.31441000
4.27958727 1.17621911 0.10572463
4.66460609 1.23699486 0.08760180
5.02568960 0.39823723 0.17513140
6.24507999 1.37930942 0.12377981
4.53930807 1.42343831 0.28788695
6.20452404 0.84247136 0.11902724
5.69456816 0.52037901 0.10228009
3.41963792 0.16102457 0.58914745
6.52663660 0.08433018 0.44694850
4.73277998 1.15566957 0.30853480
2.97565770 0.89415121 0.08927265
5.20173168 0.82855618 0.48231897
4.94310093 0.86408508 0.28493014
4.05899048 0.87611282 0.05213863
3.77113461 0.02518601 0.41480446
4.50652647 0.15797119 0.12744211
5.24437428 0.15535779 0.45259479
6.41724682 1.02492023 0.07719720
5.47249269 1.71648657 0.13291770
5.19903278 1.03222895 0.35086486
3.88601756 1.06269205 0.27688664
5.26375008 0.15106942 0.19032182
6.68620920 0.26026690 0.55551422
4.86904860 0.96068305 0.07812916
5.59254694 1.08662713 0.25966838
5.52436209 0.70574999 0.49514943
5.26179504 0.64614528 0.14363356
5.10479021 0.32255527 0.37323791
4.90619516 1.74515772 0.03782398
6.03416538 1.86838508 0.03879232
3.68512654 0.69392425 0.11447342
5.44961882 1.01911926 0.07967557
6.11941624 1.11979461 0.09680990
5.46909475 0.60565692 0.44539303
5.54420614 1.85559535 0.21218109
4.87144613 0.58831900 0.23949578
5.84968281 0.06866312 0.30909845
4.41559649 0.16069248 0.06712732
3.16307521 0.29304728 0.11217185
3.73323464 0.46685812 0.33881274
5.14120388 1.33133471 0.27707043
4.12119961 1.27591741 0.35429841
4.42054987 1.12049901 0.31488326
4.89795637 1.84038484 0.18456887
4.92072153 1.57651353 0.27029234
6.54442978 1.16265285 0.10866413
4.28147459 1.38393641 0.11048587
6.22922707 1.66603518 0.09730608
4.97521687 0.71347153 0.15591975
4.66039896 0.73238540 0.46127757
3.78670359 1.11210144 0.36116996
5.02642107 0.00030196 0.13642928
5.02890253 0.78001767 0.50332165
5.79970646 0.41669282 0.59475178
3.66343856 1.07561648 0.03857304
5.42384338 0.01734115 0.75694585
3.59705806 1.58725846 0.00089914
4.71227121 0.90626943 0.21838377
5.50682831 1.05637431 0.05216249
5.14786482 0.26445773 0.60747212
5.55397749 0.01869419 0.38793996
4.63094378 1.20615160 0.27759442
4.56330919 1.20992029 0.29360145
5.68453598 0.76819664 0.12108570
5.28652668 0.13181692 0.00629855
4.75849485 1.79584742 0.01171302
5.33463907 1.06827939 0.28129908
4.61741400 0.24925990 0.08046862
4.76919079 1.17822242 0.33234116
5.12326050 0.10221793 0.42039070
4.40751076 0.70987350 0.13804881
6.35092974 1.09863019 0.03695736
3.52865076 0.22786401 0.19361153
5.33380365 0.32061693 0.34117180
2.96404767 1.27652955 0.34811535
4.00573683 0.21792157 0.48489162
4.22837496 1.24170887 0.27070144
3.32412934 0.38202831 0.62854612
5.77726936 0.31208110 0.43642029
4.03220034 0.42675361 0.28043038
5.25763273 0.41082019 0.08112522
3.40028191 0.73710543 0.56215358
4.27530432 0.64138186 0.50792694
4.24291849 0.39727089 0.07978079
4.87142181 0.33339903 0.57018107
4.48706722 0.84158862 0.25744006
4.46305943 0.00410658 0.26724672
6.12880850 0.02606125 0.51552963
5.10561895 1.24704421 0.10154445
5.20795202 0.02077226 0.67852169
4.76859522 1.09946334 0.06422686
2.28065419 0.26117802 0.05367516
4.63352680 0.06313188 0.34579110
5.37168932 1.29590034 0.01000204
3.80202937 1.18733311 0.47870871
3.79339361 0.53092420 0.38445255
5.71915054 0.24400377 0.41143981
3.47909284 1.49018323 0.39366767
3.61067867 0.79167277 0.27029938
3.71570301 1.52306485 0.18215537
3.97616625 0.62436736 0.49506274
4.73891211 0.42202196 0.41828802
5.05572653 0.71672338 0.02531958
4.64274025 0.82394433 0.02187496
5.75850153 0.37997648 0.45223010
4.55815554 0.45897779 0.07310642
5.95401001 0.24239448 0.31651431
2.41505980 1.92205036 0.33351532
5.08674335 1.82624209 0.28047523
5.21805716 0.39671963 0.12433591
3.80195785 0.26380354 0.17068483
4.22419643 0.10066395 0.50773120
4.37014008 1.11755455 0.30600846
4.10526228 0.62730497 0.09336112
4.63336658 0.31161544 0.09885447
3.93441701 1.78410101 0.09413703
5.11084604 1.66497374 0.22766677
5.35340834 0.08708227 0.37410966
5.56403685 0.09881084 0.11162030
4.49594402 0.30984509 0.23976019
3.86305857 0.00610245 0.46407205
4.68910694 0.73704666 0.04327414
5.75755596 0.06834733 0.34924474
6.26194715 0.65006393 0.48172459
5.12050438 0.74275571 0.09635553
6.12513781 0.24227555 0.45296088
2.93939161 0.17734496 0.46806195
6.76791859 1.14512074 0.06197900
3.23307490 0.03098691 0.19187900
5.26079273 0.24492905 0.50160527
4.63180161 1.02251256 0.33687574
5.82415199 0.43614739 0.49150664
4.17137814 0.89386845 0.30282837
5.65138006 0.62115467 0.29806599
4.06118631 0.93683285 0.27830851
5.19092464 1.17712820 0.26495710
5.70710468 0.85840631 0.09700216
3.19624496 0.41576025 0.04873742
2.34559655 0.43007326 0.18925019
3.64502978 0.26440257 0.47781584
4.51611328 0.52556330 0.24848810
3.25408459 1.39627993 0.24540126
6.02542305 1.21802473 0.12738366
5.49964952 0.54962927 0.46250173
5.25007725 0.89944363 0.43143064
7.45771646 0.28355646 0.43765789
4.64516973 0.24028096 0.14145160
1.72571766 0.56044364 0.65946847
4.55876160 0.01334891 0.72947598
5.55711222 0.28051603 0.15025012
5.07865906 0.09489748 0.70797372
5.83403301 0.23268586 0.38815349
5.69360495 1.99989760 0.12152401
5.07424641 0.88573015 0.03553869
5.05179358 0.17110689 0.68726671
4.42883539 1.38986290 0.09808610
4.88768625 1.73703599 0.30487153
5.88866282 0.60409904 0.18776321
5.61784410 0.41070259 0.16463985
3.83749580 0.29161924 0.17615005
3.92010355 0.86018801 0.23048332
6.05913448 0.13278531 0.56042773
3.14972591 1.63027167 0.25155318
5.11733532 0.59508836 0.16532780
5.32506943 1.16579354 0.30496430
5.53521490 0.06995487 0.70511854
6.46350574 0.45858023 0.18998180
3.06508708 1.73418117 0.02032577
4.01411104 0.38452628 0.09225798
3.49243784 0.86014032 0.08073641
3.26125741 1.32553303 0.25742835
3.59172320 1.10781145 0.43127078
4.75209618 0.25490248 0.46420431
5.40703392 0.96029025 0.36254665
5.08747292 0.58079964 0.38984489
5.07782984 0.28240159 0.10417552
6.33879089 0.68401641 0.25042531
4.74373579 0.38372180 0.54153395
5.35288429 0.83031410 0.02088299
5.02322578 1.69108164 0.16420740
5.05391932 0.97528315 0.44526252
3.77531028 0.28112066 0.22946262
4.00477839 1.12154746 0.11052242
6.11585093 0.28411835 0.28879872
4.46053886 0.93377417 0.09187008
5.10140133 0.86216009 0.27527565
4.29072714 1.66857612 0.32685518
6.31333685 0.74632496 0.44434384
7.91482067 0.65966344 0.23124145
3.31205320 0.45300475 0.41616687
4.60916281 0.50678760 0.21139304
6.56669331 1.19975030 0.00751249
5.78990316 1.10421669 0.31877878
5.77201843 0.27075702 0.39916933
4.65578079 0.10738539 0.56464225
2.00710773 0.21004042 0.08198592
4.51598883 0.07181063 0.44116035
5.11923313 0.82631660 0.45508915
6.33048964 1.44468331 0.10973445
2.33184457 0.27767152 0.70370013
4.28249407 0.23904073 0.25104794
5.48410940 1.85410404 0.08957266
4.72996044 0.77695245 0.05895790
3.36491823 0.40967554 0.06921969
4.83859539 0.22132699 0.28836200
3.93450308 1.83732486 0.30307177
4.09970713 0.48976973 0.07890101
5.85423660 0.40152723 0.59148455
5.56182528 0.94211262 0.26361486
4.75927114 0.98359722 0.40786636
5.64226818 1.39013112 0.08977745
3.43740225 0.57568896 0.13202369
5.30421162 1.44586658 0.27965197
3.63953829 0.30165491 0.33934417
3.81640983 0.54638231 0.27134499
6.02184868 0.72078633 0.47612879
5.19181967 0.83331931 0.41212922
4.85381842 0.02021902 0.36583084
4.93296957 1.33632195 0.31064686
6.47104502 1.53383243 0.06708989
5.02495909 0.69590831 0.48204976
5.43421459 0.26694492 0.56851739
4.41170311 0.25291815 0.62522244
5.01541710 0.03739521 0.40902019
4.93382597 0.65867066 0.07962723
4.68157339 1.63699865 0.22538662
3.93488550 0.27399927 0.37167540
2.08847857 0.13018061 0.09892019
4.99971247 1.09646797 0.39288691
6.35523081 0.38411996 0.03111812
4.76953125 1.47346461 0.28365016
4.27185345 1.54865587 0.05278360
6.35802126 0.14915432 0.38975704
5.73454046 0.49481782 0.08383730
4.49499559 0.83413309 0.30831546
4.93126154 0.68960279 0.12305735
4.64046812 0.71314657 0.46295449
4.82838964 0.93810421 0.46229419
5.33844805 0.40877581 0.42811090
5.30057335 0.70043075 0.47837782
4.76142788 0.81136215 0.37857810
4.90922022 0.67094749 0.25952834
4.98457146 0.53314793 0.40528321
3.92228389 1.91631746 0.22029020
4.82918644 1.06193328 0.10381576
5.25634432 0.74167222 0.50518459
4.81913471 1.64067900 0.22211954
3.10853052 0.05047850 0.46793446
6.04724216 0.33605924 0.40344819
6.14239502 0.71546888 0.05147357
5.32042551 0.35211167 0.27497357
6.14665270 1.76345074 0.13913485
3.73417759 0.87575644 0.32525209
2.60638213 0.57547385 0.08463775
4.75121546 0.01859239 0.12638631
5.99719191 0.55890018 0.08785598
4.10804129 1.04828417 0.04951694
5.58366346 0.61513138 0.46449640
5.34022665 1.26748598 0.08675245
5.17480230 0.20305717 0.62368190
5.40053606 1.22631073 0.08757620
5.38375521 1.78280175 0.11722758
5.24557161 1.45071661 0.13821062
4.14080763 1.04599738 0.47456288
4.43866491 1.44802427 0.04991297
2.20951939 1.58090842 0.46196353
4.83164406 0.80411559 0.21566056
5.27731323 1.81999576 0.01254263
4.92134237 1.04178643 0.41637188
5.38001347 0.96181405 0.07944362
5.39784288 0.94680703 0.30855682
6.03378820 0.51433790 0.54508704
5.50555706 0.69499141 0.06155940
4.02617407 1.48280334 0.23203090
3.30491996 1.25125730 0.45109826
5.61438084 0.28309748 0.06681348
5.33175659 1.90522182 0.30076370
4.39656782 0.72550642 0.18577866
5.45708609 1.87805486 0.12176389
5.50787401 1.28689110 0.28752539
3.81088233 0.98742026 0.46247163
4.31586933 0.24810189 0.26316595
6.42215443 1.99698818 0.06733067
3.25769067 0.88158643 0.09230492
3.71752167 0.86436582 0.03391752
5.69903660 1.58690166 0.14791483
6.03180313 0.24116778 0.16008960
5.98814869 0.63273191 0.20765279
5.21114397 1.03759241 0.41843504
4.15873671 1.48332846 0.24505107
5.04560137 0.19250458 0.47041038
3.56222606 0.75052208 0.40950394
7.06808710 0.10013701 0.51377565
6.44280958 0.15727423 0.65464145
3.61826777 0.84600228 0.10320253
4.52502775 1.75436115 0.22024746
6.29341650 0.35475841 0.49550653
1.28652763 0.24807255 0.17459683
4.66003084 1.14456320 0.43070292
3.35973048 0.43911487 0.55066335
4.05296135 1.69054067 0.08545485
3.27370334 1.65933335 0.05612122
6.24143648 1.40996325 0.10078467
4.72264290 0.68595421 0.43982112
5.03685236 0.04720639 0.63423127
5.43342447 0.12478254 0.08097652
5.22794151 1.66220117 0.19548690
4.51736689 0.33667779 0.43857706
4.46385670 0.77935392 0.48635638
4.77421141 0.90438247 0.11354792
5.59146452 0.73325926 0.43341473
4.61960649 0.18830854 0.63206154
5.95270634 0.38867399 0.54085380
4.45890522 0.96906769 0.42532030
3.83610201 0.56746203 0.53517777
4.80891514 0.57222909 0.34529868
3.77103305 0.77033484 0.12458637
4.19923925 0.60792673 0.39261097
4.11615133 1.64647698 0.38186151
3.36790299 0.53847700 0.04909958
4.99959278 0.62431747 0.34036526
5.33792973 0.53434038 0.56979322
4.33420420 0.32433295 0.10541435
4.29655170 1.67448628 0.32671914
4.29370165 0.88831061 0.10293208
5.07724476 0.64861727 0.51476115
5.09564686 0.87646282 0.11501663
4.39427757 0.46735770 0.30500805
4.36845398 1.67013562 0.19743894
5.03869963 1.41757393 0.06679571
6.96308756 0.67824197 0.06582864
3.69081402 0.73332983 0.19750948
5.04507065 1.82152104 0.27073160
6.59084797 0.55621862 0.14264084
4.82237482 0.45994446 0.02228985
4.73136044 0.83818650 0.09788278
5.53621674 0.32904649 0.43525133
3.17012000 1.54749203 0.09585929
5.69736147 0.68523210 0.03825247
5.39871597 1.26238084 0.13596819
4.75671291 1.86792064 0.31026465
3.93324304 0.35314542 0.53880835
4.82969999 1.35527885 0.27265555
7.07611513 0.09358986 0.48528960
6.04978323 0.88661760 0.01619116
5.09262419 1.87587893 0.28487146
4.42418098 1.01674855 0.28438753
5.30940962 0.59923148 0.04857077
5.11235237 0.37895662 0.04855369
5.63288832 1.29066908 0.12471273
5.01225138 0.52796555 0.28790149
5.02787733 1.62797749 0.16677219
3.72609234 0.88409323 0.05246757
6.99532270 0.40975878 0.25694224
4.12694788 0.49176142 0.41204825
5.37210512 1.72554469 0.00795668
4.85102558 0.40649807 0.46148205
4.57406807 1.06140137 0.29377851
4.58968687 0.74442762 0.46844739
4.27349854 1.26405299 0.30088353
4.89643431 1.51167417 0.09566616
3.01552844 0.35763928 0.43583432
5.54990053 1.00535190 0.28806949
6.84992790 1.56110561 0.04368541
5.05756426 0.49323562 0.29876876
3.17787409 0.40909168 0.48117048
5.27460194 1.05061722 0.39000916
5.43837452 0.58049184 0.39872995
5.10786438 0.39510897 0.27818531
5.11402369 0.57891083 0.36587647
3.38071489 0.46978438 0.42825899
5.46905470 1.36417222 0.03817208
4.61284351 0.28522477 0.45328581
5.45650721 0.70303690 0.10092634
4.80337286 0.40099412 0.43311045
4.56892014 0.17302778 0.51550198
5.71540308 0.39287454 0.34316272
5.05570364 1.57382452 0.14350711
5.18484163 0.12274207 0.15134883
4.77547932 0.35262838 0.07537101
4.72844887 0.11744732 0.32893002
4.97473001 0.38702416 0.12386877
4.86450720 1.92123902 0.24675195
6.12448025 0.11860532 0.64478493
1.57573199 0.03802711 0.36891863
3.22266531 0.87839669 0.35376388
5.17844772 1.54183471 0.15141802
5.30856466 0.60486376 0.24593081
3.78067040 0.45622313 0.32652470
5.53699970 0.91342920 0.27197507
5.39584637 0.41218233 0.46458071
4.04562855 1.33837414 0.21039373
4.13467121 0.41329688 0.46821257
4.51787758 0.48585114 0.21455483
5.37040854 1.69276202 0.07984791
4.30833721 0.52010912 0.17054351
4.31473589 1.88973403 0.23083878
5.94022131 0.88944936 0.22380903
5.02305841 0.01560497 0.08654089
4.88329744 1.36157250 0.27730992
4.21636295 0.47588214 0.22431536
3.46271181 0.42841035 0.50373393
4.52829552 0.16223280 0.28063384
4.99668694 0.07617581 0.14502683
6.21839952 0.44523302 0.05169476
2.95996475 0.53132594 0.25890237
6.30472088 0.51508331 0.29492670
4.87178898 0.64836627 0.38187164
4.09796858 1.49790859 0.24228409
4.91491842 0.77633417 0.25751740
5.17716885 0.83946651 0.32071844
5.38120079 0.31924331 0.64882928
5.87300873 0.10444848 0.44347021
3.35755301 0.62250781 0.12417068
4.64697075 0.96898830 0.08719195
4.72242212 1.52487350 0.25316769
5.31286573 0.05390248 0.71410167
5.36840963 0.47114205 0.10569835
3.53715754 1.76165724 0.38827723
4.43772936 0.83567512 0.10861270
4.98817778 1.15412593 0.34824485
4.59255981 0.42650488 0.06813753
4.98494387 0.35953113 0.05664654
3.64049506 0.74566281 0.53425419
0.80161995 0.08792415 0.66734380
6.98745966 0.10090459 0.16322261
4.31709909 0.22298510 0.61708534
5.04406691 1.43940270 0.14830209
5.13493633 1.68725276 0.22343446
6.08101606 1.40019333 0.04651980
5.88042974 1.71127343 0.08467285
5.35851336 0.68369269 0.22401771
5.77666330 1.97314298 0.18432711
5.26490641 0.47440088 0.12035679
5.54276943 0.22318614 0.12108199
5.91131639 0.30278555 0.15933415
2.04085684 0.69068962 0.17006233
4.50431538 0.74698216 0.47091421
4.74990273 0.39203751 0.47508296
1.75839472 0.80914360 0.02659817
5.43801594 0.16961344 0.39861089
4.98013115 0.73980916 0.47521859
4.67249775 0.80886155 0.22585863
4.31922197 1.58037472 0.02167237
4.77909040 1.50437248 0.03941118
4.96051884 0.50675017 0.58438975
5.70105219 0.80884933 0.33272451
5.18055010 1.65210009 0.30290574
5.16382790 0.41352275 0.38074467
4.45390558 0.52653044 0.40299961
4.98520327 0.56572127 0.52124774
2.53324056 1.80088019 0.22545213
5.03730011 0.41222659 0.56978834
4.02316380 0.38303408 0.39649427
4.72604179 0.76947206 0.24237865
5.59966040 1.63224161 0.11897183
6.04388046 0.49064073 0.12956849
3.65644240 1.30857086 0.07931150
4.39551687 0.47319776 0.37398583
4.66585112 1.75131309 0.22111565
6.15416956 0.57512307 0.52236933
4.49038029 0.71510047 0.23932895
5.77545738 1.10850418 0.13050088
4.99066830 0.55868924 0.49761069
6.23916149 0.33405486 0.20725493
3.99030399 0.58791131 0.19025308
3.97889709 1.15691340 0.44932866
4.77016687 0.48153964 0.20433617
4.49795532 0.88498199 0.26227170
4.43489933 0.60537034 0.35527220
5.17794371 0.50180757 0.05924864
4.98123074 1.55940974 0.20617536
4.89383125 0.75141716 0.02603010
5.58012962 0.15128191 0.03117577
5.74970818 0.27968556 0.09844830
5.18072224 0.98785031 0.09235571
5.96856880 0.75441021 0.12248795
5.08933401 0.39939627 0.12553279
5.10216093 1.71823716 0.03385913
5.42670441 0.82235706 0.41403848
4.84205151 0.53673381 0.28287244
5.16775417 0.46715426 0.20546013
4.66336870 1.42696691 0.07209599
4.02225780 0.03842740 0.72805357
2.65564823 1.46978819 0.48727494
5.88719082 0.17384526 0.41553020
3.55545783 0.35990763 0.20284939
4.26540136 1.33421910 0.10877838
4.27870798 0.62859941 0.10110231
4.94084454 0.18156205 0.24703452
5.01435280 1.17382646 0.24132423
6.33904362 0.81161624 0.01391777
4.66275597 0.93993539 0.35461494
5.24735546 1.10077024 0.05104762
4.32603073 0.64296687 0.54348940
4.89075899 1.90608513 0.05645332
6.28838873 0.19957085 0.08221657
4.44942093 1.49905503 0.12806362
0.43742150 1.20162582 0.38803506
5.38026381 0.50130588 0.47080687
5.04003239 1.85796094 0.24808724
4.92686415 0.80543214 0.11068475
4.50033474 0.77640659 0.20513247
4.69956398 1.80180097 0.18971734
5.07759523 1.48653567 0.06547317
4.87081194 0.58566821 0.07801140
4.42149401 1.00812089 0.25340274
5.30133677 0.47184554 0.20894967
4.08098698 1.45355201 0.00698748
5.72019529 1.78153634 0.07940555
4.21896696 0.50106126 0.26824939
3.94348621 0.49212605 0.15506519
6.20933199 1.07665300 0.12876566
5.82698870 1.92929959 0.08224322
6.81046629 0.12985331 0.25611463
4.84393215 1.11180222 0.06526301
6.61792994 0.55267209 0.12552381
5.97843266 0.36765870 0.40801620
4.89355755 0.93965417 0.33638683
3.88541102 1.04394376 0.21426165
3.93431544 1.89082766 0.33247405
4.45484257 1.79777837 0.33318186
4.02109289 0.09946866 0.07744181
5.07310343 0.47078395 0.30448467
5.87870359 0.96874624 0.10305955
3.33882284 1.02748179 0.06353302
4.83936214 0.44528657 0.47573963
6.47181940 0.25963295 0.28674173
5.19535208 0.38480893 0.31423703
3.12170815 0.52825493 0.12675844
4.56652021 1.08631933 0.27729034
5.19064569 0.70626289 0.24555880
4.71083593 0.02452454 0.12841246
9.65333271 0.41648954 0.32349682
4.34952879 1.64887714 0.21037661
2.41300297 1.52913046 0.01910020
4.53632498 1.73610163 0.04364803
4.66509867 1.85676527 0.11977459
4.90071487 0.95611531 0.45419508
5.48635006 1.28966236 0.03563596
5.68796873 0.57952756 0.06470630
4.87406683 0.76812279 0.07153933
4.70387363 0.11612312 0.64999008
4.33767366 0.70105231 0.15754171
3.60408616 0.48533502 0.30565956
4.80214500 1.47990322 0.03230819
5.47980547 0.68269908 0.03385667
6.15703583 1.41182864 0.08488189
1.80276680 0.23366757 0.73376787
4.30033541 1.75234723 0.18176177
3.36230397 1.68542635 0.12204240
4.03836918 1.68462145 0.15697119
5.21439314 0.89019537 0.22560942
4.05110550 0.39835712 0.26298380
5.43962526 0.07347007 0.52993435
4.59337234 0.32126179 0.03677741
5.14120150 0.08803101 0.36195484
4.87988853 0.29915988 0.56926948
5.12852192 0.01310533 0.13336855
3.87010336 0.69636571 0.51803833
4.65028906 0.88731802 0.21664512
5.40244961 0.03351593 0.36696279
4.93962336 0.57439578 0.07454258
5.92981529 0.13743097 0.64388728
5.43609190 0.87763906 0.45000446
5.25087881 0.82078683 0.25978124
4.74023008 0.76106054 0.10744376
3.62757921 0.91678160 0.20504428
3.91393042 0.06017110 0.11460774
3.92248464 0.68788958 0.51128429
4.65120220 1.59570360 0.06332280
7.96063948 1.93529785 0.11884265
4.73006153 0.20777643 0.46486047
5.41589022 1.52608895 0.09073184
5.90770435 1.76354456 0.17050964
4.73814154 0.59248638 0.14403243
4.06043434 1.55397964 0.37127140
9.58354378 1.93369830 0.94198620
5.50254726 1.07842493 0.01559964
5.55501842 1.10937917 0.29018363
5.67335224 0.80539250 0.06060194
3.67757440 0.64770573 0.17505594
3.76698494 0.67832041 0.25651681
5.04613876 0.83316702 0.26962858
5.19484806 0.00301833 0.50253695
6.50279093 0.86146873 0.10192267
4.32173395 0.24197198 0.05288770
5.29093790 1.66059685 0.03254600
1.99045110 0.05498786 0.15658511
5.56889915 0.15876810 0.24758489
4.76409578 1.11798131 0.04751732
4.02897120 0.27148935 0.07609364
4.99278402 1.87327778 0.30368626
3.67724586 0.12500963 0.23386285
4.51364899 0.99570906 0.25305140
5.07978249 0.75186116 0.43932572
6.44958210 1.87988472 0.09143582
5.12901211 0.65756613 0.12910843
4.89738178 0.43465689 0.27138650
4.92900515 0.16891427 0.47759426
4.49649572 0.70580953 0.51797032
6.14239359 1.66166699 0.16074225
4.60038805 1.77105451 0.21337448
2.20720387 1.20277131 0.24029240
5.37914896 1.07441878 0.12393549
4.17873049 0.57766563 0.26555237
4.23438501 0.17923148 0.42029589
5.69407797 0.88104784 0.36435041
2.98054194 0.93080413 0.07700007
6.77816582 0.48103201 0.28577119
4.79713726 0.70001119 0.42854470
4.24659348 0.82183325 0.44976696
3.80279493 0.40123135 0.59348440
4.50061750 0.25169253 0.61536425
5.41741514 0.95527947 0.03203144
5.21117258 0.47646454 0.07169944
5.14670897 0.65080166 0.21191645
0.80231559 0.76494175 0.51664376
5.35237360 0.89869410 0.42381504
5.03608704 1.89890409 0.06204586
4.65251684 0.19622412 0.37124997
5.63652515 1.17890716 0.07566865
4.56836939 0.22748832 0.37697047
4.58499670 0.28237462 0.43276781
4.64266968 1.67128706 0.23582166
4.82182169 1.81898832 0.21878254
5.24100065 0.83358461 0.04634532
5.08685684 1.04897368 0.24059035
5.74411774 0.31892875 0.53269720
3.56465387 0.76124913 0.38125181
4.52812004 1.56048107 0.16825315
5.16309690 0.05412805 0.53671294
4.63179731 0.80620235 0.41568643
3.81642485 0.15094253 0.43310931
5.62217951 1.56860256 0.04094002
3.59237552 1.36169505 0.26507077
2.55738401 0.97663480 0.48104623
5.14042091 0.36372873 0.45099336
5.22527695 1.78979254 0.03968574
4.56895208 0.22618040 0.56094223
4.80424070 0.24264506 0.23023787
4.51100254 0.56637317 0.09686533
4.52969646 1.62816668 0.00559606
4.15838814 0.77111214 0.36950371
4.69263649 1.61901581 0.03585411
5.58100939 0.89734638 0.42708486
3.99717259 1.07752228 0.36305952
5.64320278 0.11738501 0.49166146
3.05730247 1.74592102 0.00622832
1.02086735 0.09609346 0.70087731
4.15015507 0.33002591 0.09677076
6.36255026 0.24260834 0.13215384
5.08433390 1.38697159 0.05714164
6.10629797 0.49462920 0.21506919
4.99757004 0.35139880 0.14956765
5.12364197 0.51438552 0.12928814
5.91020155 0.25402066 0.06875236
5.25517273 0.06604475 0.38901803
5.21754026 0.15142640 0.53871405
5.40600634 0.41972926 0.09539678
7.26359415 0.20745146 0.33116382
5.81749868 0.80044967 0.09777056
4.95131874 1.52256799 0.00589265
4.05630779 0.00013400 0.16709359
5.14457321 0.22248039 0.24425565
1.36843598 0.34727374 0.71871996
4.46993780 0.13131145 0.64640081
4.09238434 1.44361329 0.28105241
4.03477859 1.28356004 0.07893374
5.43153334 1.22174466 0.10061289
5.49138689 1.51661253 0.02112777
4.40706587 0.67868578 0.42057294
3.01203442 1.91903973 0.08965861
4.46237373 0.98627514 0.33229151
4.71927547 0.39372349 0.29142877
3.66818476 1.15456355 0.21278064
4.23254681 1.10221779 0.44610023
4.75875902 0.61833489 0.50275803
5.49437380 1.78783906 0.08526769
4.60261250 0.50849664 0.51408297
5.35340357 0.52424234 0.03634613
3.08425951 0.92465955 0.16118570
6.25629473 0.98409349 0.30382752
3.45413804 0.88766408 0.25152236
3.92811394 1.91747630 0.03313621
5.16561842 0.74921495 0.07533696
4.33545113 1.36307847 0.34172723
5.30983639 0.42987910 0.26783872
4.03793907 0.53633928 0.07715596
3.89163971 1.52859557 0.01191403
5.64807415 1.30447853 0.00413058
4.23779011 1.45384467 0.33755067
5.15038443 1.09793508 0.01971298
3.88507223 1.38339686 0.35120910
4.11993361 0.93089718 0.03764738
5.86441946 0.17954279 0.47543976
5.89401102 0.45148686 0.20422599
5.32325220 0.71250951 0.11141577
4.94579887 1.92981541 0.27827102
5.56876421 0.38830775 0.39116621
2.59767604 0.41438782 0.26759490
4.92803240 0.52449030 0.20898524
4.86928988 1.90162742 0.05282090
4.81713676 0.68321401 0.30104867
4.89411592 0.67780846 0.13570909
4.92325306 1.14658713 0.34809202
5.25597763 0.47023833 0.13940492
4.14322853 0.74427557 0.51005304
5.36168718 0.68784112 0.30205050
4.14040709 0.97994709 0.37069708
3.84270334 0.25604239 0.13977355
2.96440268 1.32719684 0.22171371
3.19740224 0.87705547 0.10361929
6.83341217 0.37392300 0.44945049
4.19069862 0.73359001 0.33842215
4.28795958 1.84109950 0.25340697
3.52507663 1.33978689 0.24355224
5.36478090 0.74103498 0.02300035
4.91423321 0.14086357 0.43748662
4.45896244 1.07831144 0.35487866
5.51769638 1.16060817 0.05198844
5.09932089 0.12185059 0.31552303
5.09950972 0.84459686 0.21091531
5.29762888 1.12776911 0.29980192
4.06803942 0.13061967 0.55426890
7.37059069 0.33543491 0.40661028
2.70582676 0.30930978 0.37710676
4.67550850 0.57356071 0.44987801
4.52382803 1.06519735 0.44583753
5.02412987 1.32512212 0.10772997
6.69481802 0.34947690 0.29871669
5.67378092 0.75215089 0.19511721
5.05170536 0.76292956 0.04964909
5.17297888 0.45154089 0.50607055
3.12209344 0.27722079 0.07153174
4.36721039 0.75131148 0.30572388
4.74157238 0.38818029 0.61883211
3.45452094 0.49614760 0.02491899
5.74581623 1.25911903 0.11914432
4.63983679 1.55918968 0.16378090
5.96940517 1.82722628 0.05221881
5.10698318 1.76432121 0.01175569
4.24848223 1.49746823 0.05276169
5.50514793 0.72257984 0.24860768
5.94029570 0.66072613 0.22808073
4.17613745 0.43808085 0.37580201
5.16344738 0.69665438 0.41279897
4.19709158 1.33978724 0.12191382
5.17028522 0.73502499 0.19706407
4.88543463 0.75269771 0.35330611
4.93082905 0.89041746 0.33408272
4.37997389 0.61832798 0.29452407
6.97174358 0.50685668 0.13852057
4.66199875 0.86213636 0.38703340
5.51199913 0.69804937 0.02809763
6.45836163 0.45397002 0.52247584
6.79309464 0.80709654 0.25240576
3.60336614 1.88039744 0.16196609
4.92134905 0.31218225 0.09285664
4.77559900 1.33986890 0.34172717
4.25582790 0.36490965 0.03416310
6.39782095 0.52291089 0.52731091
4.68611288 1.04641092 0.33216178
4.66725159 1.02205312 0.35993963
5.70853949 0.05964499 0.12608902
5.11578703 0.10853414 0.08114755
5.05684042 1.62646353 0.22976644
7.29611492 1.27857685 0.02695597
6.30387259 0.36588842 0.04251320
5.36604166 0.24726257 0.25748178
5.55193090 1.91526175 0.25652242
3.96382856 0.41995347 0.36991465
4.19804001 0.03193071 0.41486615
4.02496624 1.69497621 0.16241862
4.38984585 1.21736538 0.25320327
4.46645164 0.41544467 0.16555589
4.61749697 1.47785270 0.10051604
5.56454611 0.13160397 0.28930697
4.70057297 0.22838214 0.11972525
5.06125402 1.44646597 0.14897825
3.62900615 1.53274751 0.17102718
4.87460947 0.34085476 0.26140347
4.15898705 0.38489330 0.31709307
5.94569874 1.92169333 0.05489575
6.26356936 0.98059094 0.28637001
5.73046112 0.01140675 0.31519532
5.91077089 1.09287834 0.28773218
3.41005182 0.21624364 0.17128426
4.76809406 0.83568239 0.39679918
4.35284424 0.34359103 0.41975445
4.66202450 0.88964093 0.37576756
5.06139278 0.37550062 0.20354363
4.81955719 0.98011333 0.26624912
2.61502647 0.43257582 0.30127734
4.69716406 0.15425120 0.09216336
4.75944376 0.74374175 0.47021389
5.46102476 0.79680014 0.23341435
4.69584131 0.23969159 0.34348822
4.36681652 0.98206639 0.49167296
4.46153736 1.40464008 0.09208297
4.69432259 0.75449640 0.26138321
6.97121763 1.98157644 0.12991178
5.21333408 0.24296112 0.63076156
4.25407791 1.71132588 0.08109371
5.33643627 0.21843775 0.34430850
5.99426508 0.26409194 0.37001848
5.56849623 0.64324903 0.53303450
5.38971949 0.38238651 0.06398851
6.34565544 0.86022770 0.08008946
3.98214841 1.52868462 0.34885511
5.00071096 1.00376606 0.10054482
4.48274040 1.30183268 0.32841346
4.94908762 0.27274892 0.42169508
4.19832754 0.22111900 0.65608877
6.25116825 1.38850737 0.00745823
5.02242613 0.52602851 0.20030610
3.99261785 0.49587208 0.14586070
5.66167974 0.45243108 0.08415094
4.68915749 0.56045794 0.38518342
4.81706285 0.71275753 0.10446603
4.20273447 0.76193339 0.53890085
1.82725477 0.81591100 0.60793769
4.47738838 0.45720908 0.04012004
5.68906879 0.13629073 0.47027972
4.57932949 0.53759146 0.32478964
5.42575788 0.02329720 0.20376730
5.99773550 0.36294892 0.29102856
4.60705853 1.05471337 0.45315343
4.58102465 0.66939694 0.21274455
3.11301565 1.92808175 0.29398438
6.79621887 0.42936555 0.24329893
5.66857862 0.26762232 0.33180642
4.30393362 1.16889381 0.28145206
4.86043644 0.25567505 0.58121151
6.04657650 0.08603525 0.51599944
5.03868628 0.33697793 0.35288045
4.20147514 1.54334641 0.18505126
5.58701658 0.22601487 0.52885091
3.87573051 0.38651106 0.33398005
5.24717617 1.71774709 0.13623972
5.72428608 0.07736299 0.23231858
3.55353737 1.95749271 0.13947500
5.18397856 0.53945786 0.21172914
4.45071840 1.08174813 0.27664360
3.39922523 1.58194172 0.31572708
2.88542342 1.28957736 0.34196144
5.35252810 0.29638737 0.20874223
3.74636364 0.42303589 0.09172672
5.03102160 0.70181161 0.36684251
4.87609148 0.29791242 0.12700972
4.43776178 0.95832783 0.37484121
5.02584743 0.94811374 0.30619177
5.52215624 1.42717636 0.07913069
4.90206766 0.12139561 0.10236659
5.54631710 1.87613261 0.17603125
4.78552675 0.68926972 0.11977584
5.45661879 0.25519723 0.56477386
4.63862610 0.06525933 0.46010652
4.27451706 0.85877937 0.28189725
4.38512468 1.09404612 0.39666218
4.06662893 0.68075496 0.05955296
4.36212921 1.83000016 0.06666285
6.44109917 0.07289299 0.31344685
4.54576302 0.87755799 0.48670733
3.98412609 0.08861909 0.11082986
4.59961367 0.95481491 0.27169570
6.36829042 0.58683163 0.26400352
4.59808445 0.06380077 0.40016705
5.19595242 0.59879178 0.15346575
4.05510473 0.17828631 0.65723431
5.45754004 1.33764076 0.04007779
5.08267212 0.63100076 0.20116188
4.75013590 1.55808663 0.33357760
5.51690865 0.35464486 0.35106173
4.45887566 1.16871953 0.26493663
3.03699946 0.95713985 0.33547392
4.95999908 1.37675023 0.04759854
5.49902010 0.24486420 0.59454077
7.46712828 0.21396817 0.04710134
4.62146521 0.47224173 0.02505476
6.46256351 0.71123761 0.28240603
4.93842506 1.19431376 0.37095156
5.61381817 0.43930346 0.48243630
5.63702631 1.43922520 0.12533274
5.24914932 0.90899372 0.22859743
3.60211515 0.66660792 0.52019244
4.87203550 0.27718619 0.13637164
5.59324074 1.71393287 0.16219097
5.27010345 0.97241622 0.30165476
4.51947451 0.21140800 0.63816684
4.68929720 1.78332400 0.29835945
7.74890184 1.45153332 0.08489732
4.47032690 1.50580192 0.12740417
5.62430859 1.11843133 0.04494069
4.90367651 1.46115518 0.15402508
2.71842360 1.19079983 0.33098373
5.17668438 0.47620314 0.25738356
3.29981422 1.02608204 0.42479822
2.98542356 1.44828749 0.45522425
2.24783707 0.69774401 0.12804350
3.92241359 0.58373803 0.30992898
7.02022505 1.35525596 0.10441388
4.41206074 0.08529230 0.21940763
4.78283119 0.08397864 0.48428133
4.40858126 0.90194941 0.30356997
3.79042983 0.02802568 0.72801727
4.53216982 0.39307767 0.53102231
6.66581726 0.49125728 0.25169706
5.63918161 0.19908421 0.51778132
4.01742220 0.44635609 0.57558125
5.81725264 0.06015049 0.29300252
3.96213841 0.83488894 0.43719667
4.58325624 1.18004572 0.03244982
4.28974533 0.84193093 0.10216442
4.43017006 0.21046631 0.21860497
4.74415541 0.27810314 0.31514505
4.66202784 1.58681822 0.26395291
4.70001173 1.15030146 0.12499870
5.23053169 0.33882940 0.55843472
3.10103273 0.00792002 0.27980202
3.19894838 0.01221359 0.66037917
4.76154375 1.92464375 0.28897122
4.16863585 1.97841036 0.10273000
6.23642540 1.82107699 0.06291226
5.61699867 0.40840665 0.24515356
3.75718331 0.54060090 0.18207465
5.25823689 1.59710526 0.17909494
5.24693489 0.45301601 0.51490021
4.39648485 1.37982047 0.29545757
5.44026947 0.03562410 0.24378704
4.39999247 1.23540950 0.38757423
3.27629614 0.24025393 0.54792565
4.82313251 0.15821293 0.56839389
4.40921640 0.59696376 0.29979226
4.09664869 0.54224753 0.20191161
4.70382595 1.01666355 0.03463405
3.47437763 0.19282098 0.35043958
5.29551172 0.70454270 0.31426322
4.26501894 0.30372781 0.38796043
6.19559240 0.01730068 0.06691453
5.88068581 0.73542786 0.28423399
5.18912840 0.23013885 0.43835032
5.73077440 0.05504549 0.69371229
4.84840727 1.02726758 0.38025582
4.62759447 0.71031213 0.46793002
5.60877275 0.91260391 0.27797034
3.86190033 1.64221287 0.40060794
3.77912235 0.75584751 0.42818221
6.35253763 0.64544237 0.45900884
3.59732699 0.29685053 0.30725810
3.92737556 0.95923823 0.42900425
6.08584929 1.89269876 0.09772594
3.59625721 0.52841538 0.58341235
5.43931961 0.73647523 0.30554584
3.14581490 0.19438085 0.39991540
4.96087933 0.74275059 0.46720684
4.18465090 0.17219263 0.05061092
5.20700312 0.25195473 0.19253452
6.29176760 0.31836775 0.20693368
4.91873217 0.94063723 0.07002127
4.84082556 0.81474143 0.50305909
6.70972252 1.85743392 0.17553881
4.21914148 1.03662038 0.44255346
3.93608856 1.22424567 0.41700211
3.91591978 0.84651524 0.26860416
4.71643257 1.13040507 0.09831645
3.67130256 0.04197337 0.20798424
4.68045282 0.52375942 0.42774108
5.26807499 0.74327898 0.15426171
6.17510366 0.52947354 0.19121403
4.92488289 0.96350241 0.36250055
4.82202530 1.01865625 0.30788487
4.58776331 1.65641153 0.21831645
5.39374590 1.87504363 0.03824458
4.85573816 0.22046693 0.22709721
6.69602489 1.27150226 0.13431658
3.76321936 0.48936757 0.31514758
4.01606274 0.61975074 0.30860844
5.01731730 0.79989678 0.46679133
4.15004873 1.28597796 0.30699828
4.48518658 0.90104413 0.08426385
5.05822992 1.25441265 0.11544137
5.48897219 1.04878545 0.33462614
6.55584002 1.17625821 0.11432181
6.35748768 0.75513005 0.25299296
3.85821390 1.81426013 0.15799361
3.82825947 0.39918295 0.54304755
4.34605789 1.81253982 0.31208661
4.68066168 0.36053556 0.53527856
4.80522060 0.85537434 0.37635267
1.70029545 1.07481456 0.14584856
5.03710556 1.76210165 0.30812895
6.77434921 0.02666380 0.07646117
4.77855253 1.31715012 0.04472517
4.80197477 0.82124007 0.47133794
5.00997448 0.26585972 0.46984580
0.83495820 0.13971029 0.55129141
4.51894712 0.24160333 0.51950133
4.35333920 0.34638304 0.56146234
5.62080956 0.67530048 0.47280583
4.51561689 0.19168656 0.31783432
4.89190865 0.38510042 0.54704016
4.79082346 0.07198419 0.37898085
3.96450806 1.16077137 0.08703527
4.49526882 0.78460324 0.12101109
4.22739363 1.99646425 0.17171550
6.45411587 1.34432328 0.09190855
4.09024858 0.57705152 0.06082928
5.13530684 0.66817468 0.22116777
3.52759242 0.83145607 0.30341288
4.63630486 0.38757664 0.51210594
5.45976400 1.62381256 0.04516716
4.36596918 0.94313586 0.39093068
4.94083118 1.87154222 0.26031521
4.56611252 0.58805257 0.30258101
5.46932745 1.05493641 0.27250391
4.70902920 0.48055074 0.26047480
4.66926861 1.09339476 0.24920177
7.21569157 1.83730769 0.16072020
3.02398014 0.37392247 0.51805931
3.38063025 0.49282756 0.31480637
3.35220027 0.70284224 0.14605854
4.47794485 0.10665816 0.61431259
5.44474792 0.54591560 0.43207052
5.21110153 0.54499501 0.54799175
3.71661091 0.13255046 0.66829640
4.27755404 0.42543748 0.22877824
3.28585052 1.45460808 0.13394879
4.46531820 0.25718048 0.27564698
4.25723362 0.40309536 0.08589836
4.63163900 1.76886284 0.04346647
4.16814804 0.26209909 0.24554442
5.24059439 1.74103069 0.24635269
5.64125299 0.07146863 0.33974451
4.61857748 1.14421892 0.36118558
4.74734592 0.44439399 0.36625370
5.76185799 1.09073579 0.33495432
4.97220659 0.21696462 0.37688842
4.76218605 1.24081016 0.22902346
5.57906914 0.50759059 0.09423174
4.47426605 0.94570500 0.06783947
3.48623538 0.63625169 0.52853924
4.36137581 0.91986537 0.40596280
5.20214128 0.43822652 0.32766485
4.19948101 1.13337636 0.06332843
5.17708874 1.86338222 0.11135177
4.51409388 0.12549207 0.27737135
5.32371950 1.14794528 0.26556340
4.62145805 0.38831910 0.29333451
4.54184103 0.38564450 0.14931402
5.90704155 0.18740839 0.09783311
5.76239061 0.26798394 0.48938349
4.50312042 0.03471485 0.08878592
4.92882109 0.34899428 0.27644989
3.33021212 0.98416370 0.52178520
5.72431374 0.99973655 0.10694469
5.65960693 0.79942912 0.31544897
4.66303968 0.07935674 0.36680165
6.66963625 0.65548480 0.04011022
5.11416197 0.05392603 0.32583448
6.62915516 0.11240039 0.33323067
5.35760880 0.26288334 0.01868230
5.74397373 0.44009104 0.20314929
5.80142546 0.02177484 0.34302768
4.76451015 0.70025927 0.16719973
5.87411642 1.24150705 0.07795162
5.69156504 0.84355295 0.44502828
4.66707993 1.33020508 0.25878868
4.59388494 1.15876257 0.32713529
4.68740654 1.27885771 0.34193569
4.32201004 1.80485570 0.15988360
5.85833931 1.76214385 0.02119267
5.41937447 0.69589186 0.40539896
0.04227868 1.68855250 0.48300102
5.45078945 0.92439866 0.31927750
5.01715326 0.70944035 0.14495136
6.49059582 0.99466348 0.04825314
4.89826918 1.73754239 0.22980538
6.15678549 1.98090398 0.02422884
4.78844643 0.72567475 0.09449294
4.07972383 1.09021151 0.35021210
4.30316305 1.01673925 0.37350091
6.93066025 0.55697834 0.25519821
5.70107651 0.56263423 0.23708619
4.81859970 0.85138512 0.19215319
4.42181730 0.90633500 0.38582632
3.59924626 1.92294908 0.16217293
4.74745035 1.81934941 0.24903144
4.17877150 1.46840203 0.19079486
2.30692458 0.62263399 0.04601439
5.47859859 1.05015767 0.28892708
5.19063902 0.13964811 0.33671156
4.87429905 0.49359304 0.03673983
5.34280396 1.40811527 0.12995806
5.99349546 0.12727290 0.38290951
3.60681438 0.82020539 0.49489275
4.69902277 0.93330050 0.07384083
4.95622349 1.70868075 0.24340084
3.60449409 0.03102636 0.22444998
5.12924719 1.26543224 0.02998361
4.22814465 1.87755764 0.18133159
3.83782768 0.71714967 0.24852946
6.20434999 1.50051188 0.01751500
4.62273884 0.70196515 0.22731738
5.48363924 0.80755526 0.04092239
5.87118816 0.35565841 0.33443186
5.38006020 0.13078903 0.17884575
5.63453960 0.37886396 0.03605685
5.55527544 1.05044866 0.32686225
4.94469500 0.18643974 0.05416359
5.74475622 0.81367809 0.27710748
4.94497824 0.03178988 0.64482141
4.70707941 0.76333737 0.27117717
4.77751303 0.85490274 0.05957723
6.23761034 0.95185232 0.12988833
2.28184867 0.44997397 0.21460965
4.40396214 0.62605304 0.03407107
4.55615044 0.89507407 0.20132037
3.67614794 1.37015402 0.02708701
4.88757896 0.08068963 0.51293582
4.54358101 0.60998720 0.54670310
3.28203773 0.51874250 0.43025953
5.13555956 0.59424239 0.40922669
4.84310436 1.46914423 0.06852274
4.39133358 0.36149311 0.25414684
4.68092775 1.63634253 0.23775682
5.79988289 0.78098977 0.44500527
3.89735460 1.31975210 0.03226599
5.94108009 0.64751256 0.13925199
4.24877071 0.11438456 0.48008138
5.44337463 0.24540541 0.09128075
4.50221300 0.31540647 0.40173557
5.56178951 0.87952709 0.04852469
5.03787899 1.05046165 0.08501103
4.96189594 1.15737021 0.23592874
4.78634357 0.51784104 0.12711546
5.64433527 0.13176486 0.11139435
7.46215773 0.25596139 0.43892577
3.91808581 1.52883041 0.39475599
5.15458012 1.07065940 0.09234619
5.60390568 1.15348732 0.27852362
6.00633526 0.12665679 0.00606698
6.28463888 0.03302870 0.19946563
5.61760759 1.27739561 0.04092440
4.04190493 0.46494210 0.57484120
5.04877186 0.08691593 0.16749142
4.87282801 0.26725954 0.34525353
3.99147058 1.87777722 0.26385778
3.74901485 1.48267198 0.18149501
6.21350527 1.66644740 0.08459581
5.16996574 1.72326744 0.29999155
4.92076254 0.41653162 0.49411580
4.06230927 0.90707880 0.31906986
4.64414740 1.27613831 0.38615406
6.19314528 0.03409959 0.39461300
5.82809210 0.20406525 0.61596739
5.03257751 0.22888458 0.09057196
5.34390259 0.71902752 0.11555249
4.17488098 1.23847485 0.35126078
3.90402126 0.19247341 0.41691807
4.37127972 0.46834412 0.21122085
6.37191534 1.55798686 0.06702664
5.56170559 1.19793701 0.07817367
4.58518124 1.51721513 0.26962441
5.63970852 0.89998859 0.21753183
4.12373352 1.04297316 0.42526051
7.29648542 0.36652631 0.09055192
4.06358004 1.44707227 0.08920527
4.09749126 0.50106615 0.57757419
